   3   96
1 1
    15.637747379805303    -0.000000000000001     0.000000000000000
    -0.000000000000000    15.637747379805308    -0.000000000000002
     0.000000000000000    -0.000000000000002    15.637747379805303
1 2
     3.299763725466923    -0.000000000000000     0.000000000000000
     0.000000000000000    -2.216209169952787    -2.634402490422699
    -0.000000000000000    -2.634402490422698    -2.216209169952786
1 3
     0.220518252852855     0.000000000000000    -0.000000000000000
     0.000000000000000    -0.888565386892240     0.000000000000000
    -0.000000000000000     0.000000000000000    -0.888565386892239
1 4
     3.299763725466923    -0.000000000000000     0.000000000000000
     0.000000000000000    -2.216209169952787    -2.634402490422699
    -0.000000000000000    -2.634402490422698    -2.216209169952786
1 5
    -2.216209169952786    -0.000000000000000    -2.634402490422698
     0.000000000000000     3.299763725466924     0.000000000000000
    -2.634402490422698    -0.000000000000000    -2.216209169952787
1 6
    -0.120307797177355    -0.422962190609358    -0.000000000000000
    -0.422962190609358    -0.120307797177355     0.000000000000000
     0.000000000000000     0.000000000000000    -0.952205166944104
1 7
    -0.120307797177355     0.000000000000000     0.422962190609358
    -0.000000000000000    -0.952205166944105     0.000000000000000
     0.422962190609358     0.000000000000000    -0.120307797177355
1 8
    -2.216209169952787     2.634402490422698     0.000000000000000
     2.634402490422699    -2.216209169952787    -0.000000000000000
    -0.000000000000000     0.000000000000000     3.299763725466923
1 9
    -0.888565386892239     0.000000000000000    -0.000000000000000
    -0.000000000000000     0.220518252852855     0.000000000000000
    -0.000000000000000    -0.000000000000000    -0.888565386892239
1 10
    -0.952205166944104     0.000000000000000    -0.000000000000000
    -0.000000000000000    -0.120307797177355     0.422962190609358
     0.000000000000000     0.422962190609358    -0.120307797177355
1 11
    -0.888565386892239     0.000000000000000     0.000000000000000
     0.000000000000000    -0.888565386892239    -0.000000000000000
     0.000000000000000     0.000000000000000     0.220518252852855
1 12
    -0.952205166944104     0.000000000000000    -0.000000000000000
    -0.000000000000000    -0.120307797177355     0.422962190609358
     0.000000000000000     0.422962190609358    -0.120307797177355
1 13
    -2.216209169952786    -0.000000000000000    -2.634402490422698
     0.000000000000000     3.299763725466924     0.000000000000000
    -2.634402490422698    -0.000000000000000    -2.216209169952787
1 14
    -2.216209169952787     2.634402490422698     0.000000000000000
     2.634402490422699    -2.216209169952787    -0.000000000000000
    -0.000000000000000     0.000000000000000     3.299763725466923
1 15
    -0.120307797177355     0.000000000000000     0.422962190609358
    -0.000000000000000    -0.952205166944105     0.000000000000000
     0.422962190609358     0.000000000000000    -0.120307797177355
1 16
    -0.120307797177355    -0.422962190609358    -0.000000000000000
    -0.422962190609358    -0.120307797177355     0.000000000000000
     0.000000000000000     0.000000000000000    -0.952205166944104
1 17
    -2.216209169952787    -2.634402490422698     0.000000000000000
    -2.634402490422699    -2.216209169952787    -0.000000000000000
     0.000000000000001     0.000000000000000     3.299763725466923
1 18
    -0.120307797177355     0.000000000000000    -0.422962190609358
     0.000000000000000    -0.952205166944105     0.000000000000000
    -0.422962190609358     0.000000000000000    -0.120307797177355
1 19
    -0.120307797177355     0.422962190609358    -0.000000000000000
     0.422962190609358    -0.120307797177355     0.000000000000000
    -0.000000000000000    -0.000000000000000    -0.952205166944104
1 20
    -2.216209169952787     0.000000000000000     2.634402490422698
    -0.000000000000001     3.299763725466924     0.000000000000000
     2.634402490422698    -0.000000000000001    -2.216209169952786
1 21
    -0.952205166944104     0.000000000000000     0.000000000000000
    -0.000000000000000    -0.120307797177355    -0.422962190609358
     0.000000000000000    -0.422962190609358    -0.120307797177355
1 22
    -0.322997068449910     0.000000000000000    -0.000000000000000
     0.000000000000000    -0.322997068449910     0.000000000000000
    -0.000000000000000     0.000000000000000    -0.322997068449910
1 23
    -0.952205166944104     0.000000000000000     0.000000000000000
    -0.000000000000000    -0.120307797177355    -0.422962190609358
     0.000000000000000    -0.422962190609358    -0.120307797177355
1 24
    -2.171733207236150     0.000000000000000     0.000000000000000
    -0.000000000000000     1.428174483892986    -0.000000000000000
     0.000000000000000    -0.000000000000000     1.428174483892985
1 25
    -0.120307797177355     0.422962190609358    -0.000000000000000
     0.422962190609358    -0.120307797177355     0.000000000000000
    -0.000000000000000    -0.000000000000000    -0.952205166944104
1 26
    -0.120307797177355     0.000000000000000    -0.422962190609358
     0.000000000000000    -0.952205166944105     0.000000000000000
    -0.422962190609358     0.000000000000000    -0.120307797177355
1 27
    -2.216209169952787    -2.634402490422698     0.000000000000000
    -2.634402490422699    -2.216209169952787    -0.000000000000000
     0.000000000000001     0.000000000000000     3.299763725466923
1 28
    -2.216209169952787     0.000000000000000     2.634402490422698
    -0.000000000000001     3.299763725466924     0.000000000000000
     2.634402490422698    -0.000000000000001    -2.216209169952786
1 29
     3.299763725466923     0.000000000000000    -0.000000000000000
     0.000000000000000    -2.216209169952787     2.634402490422699
    -0.000000000000000     2.634402490422699    -2.216209169952787
1 30
     1.428174483892985     0.000000000000000     0.000000000000000
     0.000000000000000    -2.171733207236151    -0.000000000000000
     0.000000000000000     0.000000000000000     1.428174483892985
1 31
     3.299763725466923     0.000000000000000    -0.000000000000000
     0.000000000000000    -2.216209169952787     2.634402490422699
    -0.000000000000000     2.634402490422699    -2.216209169952787
1 32
     1.428174483892985    -0.000000000000000    -0.000000000000000
     0.000000000000000     1.428174483892986     0.000000000000000
    -0.000000000000000    -0.000000000000000    -2.171733207236150
1 33
    -1.645846437700321     0.385906249351993     0.385906249351993
     0.385906249351993    -1.645846437700322     0.385906249351994
     0.385906249351993     0.385906249351993    -1.645846437700321
1 34
    -0.256871927152367    -0.063269023486821    -0.063269023486821
     0.212431410427198     0.409351347164202     0.245255994263074
     0.212431410427197     0.245255994263074     0.409351347164202
1 35
    -0.256871927152367     0.063269023486821     0.063269023486821
    -0.212431410427198     0.409351347164202     0.245255994263074
    -0.212431410427197     0.245255994263074     0.409351347164202
1 36
    -1.645846437700321    -0.385906249351993    -0.385906249351993
    -0.385906249351993    -1.645846437700322     0.385906249351994
    -0.385906249351993     0.385906249351993    -1.645846437700321
1 37
     0.409351347164202     0.212431410427198     0.245255994263074
    -0.063269023486821    -0.256871927152368    -0.063269023486821
     0.245255994263074     0.212431410427198     0.409351347164202
1 38
     0.144401571376680     0.015643715450579    -0.015643715450579
     0.015643715450579     0.144401571376680    -0.015643715450579
    -0.015643715450579    -0.015643715450579     0.144401571376680
1 39
     0.409351347164202    -0.245255994263074    -0.212431410427197
    -0.245255994263074     0.409351347164202     0.212431410427198
     0.063269023486821    -0.063269023486821    -0.256871927152367
1 40
     0.962557538477851    -0.081612316788778     0.081612316788778
    -0.597126876897072    -0.332774972666608    -0.132568208451899
     0.597126876897071    -0.132568208451899    -0.332774972666607
1 41
     0.409351347164202    -0.212431410427198     0.245255994263074
     0.063269023486821    -0.256871927152368     0.063269023486821
     0.245255994263074    -0.212431410427197     0.409351347164202
1 42
     0.409351347164202    -0.245255994263074     0.212431410427197
    -0.245255994263074     0.409351347164202    -0.212431410427198
    -0.063269023486821     0.063269023486821    -0.256871927152367
1 43
     0.409351347164202     0.245255994263074    -0.212431410427198
     0.245255994263074     0.409351347164202    -0.212431410427198
     0.063269023486821     0.063269023486821    -0.256871927152367
1 44
     0.409351347164202     0.212431410427197    -0.245255994263074
    -0.063269023486821    -0.256871927152368     0.063269023486821
    -0.245255994263074    -0.212431410427197     0.409351347164202
1 45
    -1.645846437700321    -0.385906249351993     0.385906249351993
    -0.385906249351993    -1.645846437700322    -0.385906249351993
     0.385906249351993    -0.385906249351993    -1.645846437700321
1 46
    -0.332774972666608    -0.597126876897071    -0.132568208451899
    -0.081612316788778     0.962557538477851     0.081612316788778
    -0.132568208451899     0.597126876897071    -0.332774972666608
1 47
    -0.256871927152367    -0.063269023486821     0.063269023486821
     0.212431410427198     0.409351347164202    -0.245255994263074
    -0.212431410427198    -0.245255994263074     0.409351347164202
1 48
    -0.332774972666607     0.132568208451899     0.597126876897071
     0.132568208451899    -0.332774972666608     0.597126876897072
     0.081612316788778     0.081612316788778     0.962557538477851
1 49
     0.409351347164202     0.245255994263074     0.212431410427197
     0.245255994263074     0.409351347164202     0.212431410427198
    -0.063269023486821    -0.063269023486821    -0.256871927152367
1 50
     0.144401571376680    -0.015643715450579     0.015643715450579
    -0.015643715450579     0.144401571376680    -0.015643715450579
     0.015643715450579    -0.015643715450579     0.144401571376680
1 51
     0.409351347164202    -0.212431410427198    -0.245255994263074
     0.063269023486821    -0.256871927152368    -0.063269023486821
    -0.245255994263074     0.212431410427198     0.409351347164202
1 52
     0.962557538477851     0.081612316788778    -0.081612316788778
     0.597126876897072    -0.332774972666608    -0.132568208451899
    -0.597126876897071    -0.132568208451899    -0.332774972666607
1 53
     0.144401571376680    -0.015643715450579    -0.015643715450579
    -0.015643715450579     0.144401571376680     0.015643715450579
    -0.015643715450579     0.015643715450579     0.144401571376680
1 54
     0.144401571376680     0.015643715450579     0.015643715450579
     0.015643715450579     0.144401571376680     0.015643715450579
     0.015643715450579     0.015643715450579     0.144401571376680
1 55
     0.962557538477851     0.081612316788778     0.081612316788778
     0.597126876897072    -0.332774972666608     0.132568208451899
     0.597126876897071     0.132568208451899    -0.332774972666607
1 56
     0.962557538477851    -0.081612316788778    -0.081612316788778
    -0.597126876897072    -0.332774972666608     0.132568208451899
    -0.597126876897071     0.132568208451899    -0.332774972666608
1 57
    -0.256871927152367     0.063269023486821    -0.063269023486821
    -0.212431410427198     0.409351347164202    -0.245255994263074
     0.212431410427198    -0.245255994263074     0.409351347164202
1 58
    -0.332774972666608     0.597126876897071     0.132568208451899
     0.081612316788778     0.962557538477851     0.081612316788778
     0.132568208451899     0.597126876897071    -0.332774972666608
1 59
    -1.645846437700321     0.385906249351993    -0.385906249351993
     0.385906249351993    -1.645846437700322    -0.385906249351993
    -0.385906249351993    -0.385906249351993    -1.645846437700321
1 60
    -0.332774972666608    -0.132568208451899    -0.597126876897071
    -0.132568208451899    -0.332774972666608     0.597126876897072
    -0.081612316788778     0.081612316788778     0.962557538477851
1 61
    -0.332774972666608     0.597126876897071    -0.132568208451899
     0.081612316788778     0.962557538477851    -0.081612316788778
    -0.132568208451899    -0.597126876897072    -0.332774972666608
1 62
    -0.332774972666608    -0.597126876897071     0.132568208451899
    -0.081612316788778     0.962557538477851    -0.081612316788778
     0.132568208451899    -0.597126876897072    -0.332774972666607
1 63
    -0.332774972666608    -0.132568208451899     0.597126876897071
    -0.132568208451899    -0.332774972666608    -0.597126876897072
     0.081612316788778    -0.081612316788778     0.962557538477851
1 64
    -0.332774972666608     0.132568208451899    -0.597126876897071
     0.132568208451899    -0.332774972666608    -0.597126876897072
    -0.081612316788778    -0.081612316788778     0.962557538477851
1 65
     0.144401571376680     0.015643715450579     0.015643715450579
     0.015643715450579     0.144401571376680     0.015643715450579
     0.015643715450579     0.015643715450579     0.144401571376680
1 66
     0.144401571376680    -0.015643715450579    -0.015643715450579
    -0.015643715450579     0.144401571376680     0.015643715450579
    -0.015643715450579     0.015643715450579     0.144401571376680
1 67
     0.962557538477851    -0.081612316788778    -0.081612316788778
    -0.597126876897072    -0.332774972666608     0.132568208451899
    -0.597126876897071     0.132568208451899    -0.332774972666608
1 68
     0.962557538477851     0.081612316788778     0.081612316788778
     0.597126876897072    -0.332774972666608     0.132568208451899
     0.597126876897071     0.132568208451899    -0.332774972666607
1 69
     0.144401571376680    -0.015643715450579     0.015643715450579
    -0.015643715450579     0.144401571376680    -0.015643715450579
     0.015643715450579    -0.015643715450579     0.144401571376680
1 70
     0.409351347164202     0.245255994263074     0.212431410427197
     0.245255994263074     0.409351347164202     0.212431410427198
    -0.063269023486821    -0.063269023486821    -0.256871927152367
1 71
     0.962557538477851     0.081612316788778    -0.081612316788778
     0.597126876897072    -0.332774972666608    -0.132568208451899
    -0.597126876897071    -0.132568208451899    -0.332774972666607
1 72
     0.409351347164202    -0.212431410427198    -0.245255994263074
     0.063269023486821    -0.256871927152368    -0.063269023486821
    -0.245255994263074     0.212431410427198     0.409351347164202
1 73
    -0.332774972666608    -0.597126876897071     0.132568208451899
    -0.081612316788778     0.962557538477851    -0.081612316788778
     0.132568208451899    -0.597126876897072    -0.332774972666607
1 74
    -0.332774972666608     0.597126876897071    -0.132568208451899
     0.081612316788778     0.962557538477851    -0.081612316788778
    -0.132568208451899    -0.597126876897072    -0.332774972666608
1 75
    -0.332774972666608     0.132568208451899    -0.597126876897071
     0.132568208451899    -0.332774972666608    -0.597126876897072
    -0.081612316788778    -0.081612316788778     0.962557538477851
1 76
    -0.332774972666608    -0.132568208451899     0.597126876897071
    -0.132568208451899    -0.332774972666608    -0.597126876897072
     0.081612316788778    -0.081612316788778     0.962557538477851
1 77
    -0.332774972666608     0.597126876897071     0.132568208451899
     0.081612316788778     0.962557538477851     0.081612316788778
     0.132568208451899     0.597126876897071    -0.332774972666608
1 78
    -0.256871927152367     0.063269023486821    -0.063269023486821
    -0.212431410427198     0.409351347164202    -0.245255994263074
     0.212431410427198    -0.245255994263074     0.409351347164202
1 79
    -0.332774972666608    -0.132568208451899    -0.597126876897071
    -0.132568208451899    -0.332774972666608     0.597126876897072
    -0.081612316788778     0.081612316788778     0.962557538477851
1 80
    -1.645846437700321     0.385906249351993    -0.385906249351993
     0.385906249351993    -1.645846437700322    -0.385906249351993
    -0.385906249351993    -0.385906249351993    -1.645846437700321
1 81
     0.144401571376680     0.015643715450579    -0.015643715450579
     0.015643715450579     0.144401571376680    -0.015643715450579
    -0.015643715450579    -0.015643715450579     0.144401571376680
1 82
     0.409351347164202     0.212431410427198     0.245255994263074
    -0.063269023486821    -0.256871927152368    -0.063269023486821
     0.245255994263074     0.212431410427198     0.409351347164202
1 83
     0.962557538477851    -0.081612316788778     0.081612316788778
    -0.597126876897072    -0.332774972666608    -0.132568208451899
     0.597126876897071    -0.132568208451899    -0.332774972666607
1 84
     0.409351347164202    -0.245255994263074    -0.212431410427197
    -0.245255994263074     0.409351347164202     0.212431410427198
     0.063269023486821    -0.063269023486821    -0.256871927152367
1 85
    -0.256871927152367    -0.063269023486821    -0.063269023486821
     0.212431410427198     0.409351347164202     0.245255994263074
     0.212431410427197     0.245255994263074     0.409351347164202
1 86
    -1.645846437700321     0.385906249351993     0.385906249351993
     0.385906249351993    -1.645846437700322     0.385906249351994
     0.385906249351993     0.385906249351993    -1.645846437700321
1 87
    -1.645846437700321    -0.385906249351993    -0.385906249351993
    -0.385906249351993    -1.645846437700322     0.385906249351994
    -0.385906249351993     0.385906249351993    -1.645846437700321
1 88
    -0.256871927152367     0.063269023486821     0.063269023486821
    -0.212431410427198     0.409351347164202     0.245255994263074
    -0.212431410427197     0.245255994263074     0.409351347164202
1 89
    -0.332774972666608    -0.597126876897071    -0.132568208451899
    -0.081612316788778     0.962557538477851     0.081612316788778
    -0.132568208451899     0.597126876897071    -0.332774972666608
1 90
    -1.645846437700321    -0.385906249351993     0.385906249351993
    -0.385906249351993    -1.645846437700322    -0.385906249351993
     0.385906249351993    -0.385906249351993    -1.645846437700321
1 91
    -0.332774972666607     0.132568208451899     0.597126876897071
     0.132568208451899    -0.332774972666608     0.597126876897072
     0.081612316788778     0.081612316788778     0.962557538477851
1 92
    -0.256871927152367    -0.063269023486821     0.063269023486821
     0.212431410427198     0.409351347164202    -0.245255994263074
    -0.212431410427198    -0.245255994263074     0.409351347164202
1 93
     0.409351347164202    -0.245255994263074     0.212431410427197
    -0.245255994263074     0.409351347164202    -0.212431410427198
    -0.063269023486821     0.063269023486821    -0.256871927152367
1 94
     0.409351347164202    -0.212431410427198     0.245255994263074
     0.063269023486821    -0.256871927152368     0.063269023486821
     0.245255994263074    -0.212431410427197     0.409351347164202
1 95
     0.409351347164202     0.212431410427197    -0.245255994263074
    -0.063269023486821    -0.256871927152368     0.063269023486821
    -0.245255994263074    -0.212431410427197     0.409351347164202
1 96
     0.409351347164202     0.245255994263074    -0.212431410427198
     0.245255994263074     0.409351347164202    -0.212431410427198
     0.063269023486821     0.063269023486821    -0.256871927152367
33 1
    -1.642835964580822     0.383331027843273     0.383331027843273
     0.383331027843273    -1.642835964580822     0.383331027843273
     0.383331027843273     0.383331027843273    -1.642835964580822
33 2
    -1.642835964580822    -0.383331027843273    -0.383331027843273
    -0.383331027843273    -1.642835964580822     0.383331027843273
    -0.383331027843273     0.383331027843273    -1.642835964580822
33 3
    -0.245264673537263    -0.217040526461886    -0.217040526461886
     0.062002090351078     0.402018679884033     0.244846790226554
     0.062002090351078     0.244846790226554     0.402018679884033
33 4
    -0.245264673537263     0.217040526461886     0.217040526461886
    -0.062002090351078     0.402018679884033     0.244846790226554
    -0.062002090351078     0.244846790226554     0.402018679884033
33 5
    -1.642835964580822    -0.383331027843273     0.383331027843273
    -0.383331027843273    -1.642835964580822    -0.383331027843273
     0.383331027843273    -0.383331027843273    -1.642835964580822
33 6
    -0.334931603655745     0.129001394127234     0.083413868195292
     0.129001394127234    -0.334931603655745     0.083413868195292
     0.596514581540983     0.596514581540983     0.962647079428609
33 7
    -0.245264673537263     0.217040526461886    -0.217040526461886
    -0.062002090351078     0.402018679884033    -0.244846790226554
     0.062002090351078    -0.244846790226554     0.402018679884033
33 8
    -0.334931603655745    -0.083413868195292    -0.129001394127234
    -0.596514581540983     0.962647079428609     0.596514581540983
    -0.129001394127234     0.083413868195292    -0.334931603655745
33 9
     0.402018679884033     0.062002090351078     0.244846790226554
    -0.217040526461886    -0.245264673537263    -0.217040526461886
     0.244846790226554     0.062002090351078     0.402018679884033
33 10
     0.402018679884033    -0.062002090351078    -0.244846790226554
     0.217040526461886    -0.245264673537263    -0.217040526461886
    -0.244846790226554     0.062002090351078     0.402018679884033
33 11
     0.402018679884033     0.244846790226554     0.062002090351078
     0.244846790226554     0.402018679884033     0.062002090351078
    -0.217040526461886    -0.217040526461886    -0.245264673537263
33 12
     0.402018679884033    -0.244846790226554    -0.062002090351078
    -0.244846790226554     0.402018679884033     0.062002090351078
     0.217040526461886    -0.217040526461886    -0.245264673537263
33 13
     0.402018679884033    -0.062002090351078     0.244846790226554
     0.217040526461886    -0.245264673537263     0.217040526461886
     0.244846790226554    -0.062002090351078     0.402018679884033
33 14
     0.962647079428609    -0.596514581540983     0.596514581540983
    -0.083413868195292    -0.334931603655745    -0.129001394127234
     0.083413868195292    -0.129001394127234    -0.334931603655745
33 15
     0.402018679884033    -0.244846790226554     0.062002090351078
    -0.244846790226554     0.402018679884033    -0.062002090351078
    -0.217040526461886     0.217040526461886    -0.245264673537263
33 16
     0.142612302513343     0.020289438975101    -0.020289438975101
     0.020289438975101     0.142612302513343    -0.020289438975101
    -0.020289438975101    -0.020289438975101     0.142612302513343
33 17
    -1.642835964580822     0.383331027843273    -0.383331027843273
     0.383331027843273    -1.642835964580822    -0.383331027843273
    -0.383331027843273    -0.383331027843273    -1.642835964580822
33 18
    -0.334931603655745     0.083413868195292     0.129001394127234
     0.596514581540983     0.962647079428609     0.596514581540983
     0.129001394127234     0.083413868195292    -0.334931603655745
33 19
    -0.245264673537263    -0.217040526461886     0.217040526461886
     0.062002090351078     0.402018679884033    -0.244846790226554
    -0.062002090351078    -0.244846790226554     0.402018679884033
33 20
    -0.334931603655745    -0.129001394127234    -0.083413868195292
    -0.129001394127234    -0.334931603655745     0.083413868195292
    -0.596514581540983     0.596514581540983     0.962647079428609
33 21
     0.962647079428609     0.596514581540983     0.596514581540983
     0.083413868195292    -0.334931603655745     0.129001394127234
     0.083413868195292     0.129001394127234    -0.334931603655745
33 22
     0.142612302513343     0.020289438975101     0.020289438975101
     0.020289438975101     0.142612302513343     0.020289438975101
     0.020289438975101     0.020289438975101     0.142612302513343
33 23
     0.142612302513343    -0.020289438975101    -0.020289438975101
    -0.020289438975101     0.142612302513343     0.020289438975101
    -0.020289438975101     0.020289438975101     0.142612302513343
33 24
     0.962647079428609    -0.596514581540983    -0.596514581540983
    -0.083413868195292    -0.334931603655745     0.129001394127234
    -0.083413868195292     0.129001394127234    -0.334931603655745
33 25
     0.402018679884033     0.062002090351078    -0.244846790226554
    -0.217040526461886    -0.245264673537263     0.217040526461886
    -0.244846790226554    -0.062002090351078     0.402018679884033
33 26
     0.142612302513343    -0.020289438975101     0.020289438975101
    -0.020289438975101     0.142612302513343    -0.020289438975101
     0.020289438975101    -0.020289438975101     0.142612302513343
33 27
     0.402018679884033     0.244846790226554    -0.062002090351078
     0.244846790226554     0.402018679884033    -0.062002090351078
     0.217040526461886     0.217040526461886    -0.245264673537263
33 28
     0.962647079428609     0.596514581540982    -0.596514581540982
     0.083413868195292    -0.334931603655745    -0.129001394127234
    -0.083413868195292    -0.129001394127234    -0.334931603655745
33 29
    -0.334931603655745    -0.129001394127234     0.083413868195292
    -0.129001394127234    -0.334931603655745    -0.083413868195292
     0.596514581540983    -0.596514581540983     0.962647079428609
33 30
    -0.334931603655745    -0.083413868195292     0.129001394127234
    -0.596514581540983     0.962647079428609    -0.596514581540983
     0.129001394127234    -0.083413868195292    -0.334931603655745
33 31
    -0.334931603655745     0.083413868195292    -0.129001394127234
     0.596514581540983     0.962647079428609    -0.596514581540983
    -0.129001394127234    -0.083413868195292    -0.334931603655745
33 32
    -0.334931603655745     0.129001394127234    -0.083413868195292
     0.129001394127234    -0.334931603655745    -0.083413868195292
    -0.596514581540983    -0.596514581540983     0.962647079428609
33 33
    12.585882243138995    -0.000000000000001     0.000000000000000
    -0.000000000000000    12.585882243138997     0.000000000000001
    -0.000000000000000    -0.000000000000001    12.585882243138997
33 34
     0.286086956618068     0.150121597847606     0.150121597847606
    -0.150279980777984    -0.128636771671611    -0.369076468699516
    -0.150279980777984    -0.369076468699516    -0.128636771671611
33 35
     0.122626844924445     0.000000000000000    -0.000000000000000
     0.000000000000000    -0.159994841529522    -0.000000000000000
    -0.000000000000000     0.000000000000000    -0.159994841529522
33 36
     0.286086956618068    -0.150121597847606    -0.150121597847606
     0.150279980777984    -0.128636771671611    -0.369076468699516
     0.150279980777984    -0.369076468699516    -0.128636771671611
33 37
    -0.128636771671611    -0.150279980777984    -0.369076468699516
     0.150121597847606     0.286086956618068     0.150121597847606
    -0.369076468699516    -0.150279980777984    -0.128636771671611
33 38
     0.030438071111373     0.020785386167565     0.110308616911690
     0.020785386167565     0.030438071111373     0.110308616911690
    -0.110850548275013    -0.110850548275014    -0.297932788297757
33 39
     0.030438071111373    -0.110308616911690    -0.020785386167565
     0.110850548275014    -0.297932788297757    -0.110850548275013
    -0.020785386167565     0.110308616911690     0.030438071111373
33 40
    -0.128636771671611     0.369076468699516     0.150279980777984
     0.369076468699516    -0.128636771671611    -0.150279980777984
    -0.150121597847606     0.150121597847606     0.286086956618068
33 41
    -0.159994841529522     0.000000000000000    -0.000000000000000
    -0.000000000000000     0.122626844924445    -0.000000000000000
     0.000000000000000    -0.000000000000000    -0.159994841529522
33 42
    -0.297932788297757     0.110850548275013    -0.110850548275013
    -0.110308616911690     0.030438071111373    -0.020785386167565
     0.110308616911690    -0.020785386167565     0.030438071111373
33 43
    -0.159994841529522     0.000000000000000     0.000000000000000
    -0.000000000000000    -0.159994841529522     0.000000000000000
     0.000000000000000     0.000000000000000     0.122626844924445
33 44
    -0.297932788297757    -0.110850548275013     0.110850548275013
     0.110308616911690     0.030438071111373    -0.020785386167565
    -0.110308616911690    -0.020785386167565     0.030438071111373
33 45
    -0.128636771671611     0.150279980777984    -0.369076468699516
    -0.150121597847606     0.286086956618068    -0.150121597847606
    -0.369076468699516     0.150279980777984    -0.128636771671611
33 46
    -0.128636771671611     0.369076468699516    -0.150279980777984
     0.369076468699516    -0.128636771671611     0.150279980777984
     0.150121597847606    -0.150121597847606     0.286086956618068
33 47
     0.030438071111373     0.110308616911690    -0.020785386167565
    -0.110850548275013    -0.297932788297757     0.110850548275013
    -0.020785386167565    -0.110308616911690     0.030438071111373
33 48
     0.030438071111373     0.020785386167565    -0.110308616911690
     0.020785386167565     0.030438071111373    -0.110308616911690
     0.110850548275013     0.110850548275013    -0.297932788297757
33 49
    -0.128636771671611    -0.369076468699516    -0.150279980777984
    -0.369076468699516    -0.128636771671611    -0.150279980777984
     0.150121597847606     0.150121597847606     0.286086956618068
33 50
     0.030438071111373     0.110308616911690     0.020785386167565
    -0.110850548275013    -0.297932788297757    -0.110850548275013
     0.020785386167565     0.110308616911690     0.030438071111373
33 51
     0.030438071111373    -0.020785386167565    -0.110308616911690
    -0.020785386167565     0.030438071111373     0.110308616911690
     0.110850548275013    -0.110850548275014    -0.297932788297757
33 52
    -0.128636771671611     0.150279980777984     0.369076468699516
    -0.150121597847606     0.286086956618068     0.150121597847606
     0.369076468699516    -0.150279980777984    -0.128636771671611
33 53
    -0.297932788297757    -0.110850548275013    -0.110850548275013
     0.110308616911690     0.030438071111373     0.020785386167565
     0.110308616911690     0.020785386167565     0.030438071111373
33 54
    -0.065653735465842     0.000000000000000    -0.000000000000000
     0.000000000000000    -0.065653735465842    -0.000000000000000
    -0.000000000000000     0.000000000000000    -0.065653735465842
33 55
    -0.297932788297757     0.110850548275013     0.110850548275013
    -0.110308616911690     0.030438071111373     0.020785386167565
    -0.110308616911690     0.020785386167565     0.030438071111373
33 56
    -1.064712934424780     0.000000000000000     0.000000000000000
    -0.000000000000000     0.070622998570496     0.000000000000000
     0.000000000000000    -0.000000000000000     0.070622998570496
33 57
     0.030438071111373    -0.020785386167565     0.110308616911690
    -0.020785386167565     0.030438071111373    -0.110308616911690
    -0.110850548275014     0.110850548275013    -0.297932788297757
33 58
     0.030438071111373    -0.110308616911690     0.020785386167565
     0.110850548275014    -0.297932788297757     0.110850548275013
     0.020785386167565    -0.110308616911690     0.030438071111373
33 59
    -0.128636771671611    -0.369076468699516     0.150279980777984
    -0.369076468699516    -0.128636771671611     0.150279980777984
    -0.150121597847606    -0.150121597847606     0.286086956618068
33 60
    -0.128636771671611    -0.150279980777984     0.369076468699516
     0.150121597847606     0.286086956618068    -0.150121597847606
     0.369076468699516     0.150279980777984    -0.128636771671611
33 61
     0.286086956618068    -0.150121597847606     0.150121597847606
     0.150279980777984    -0.128636771671611     0.369076468699516
    -0.150279980777984     0.369076468699516    -0.128636771671611
33 62
     0.070622998570496     0.000000000000000     0.000000000000000
     0.000000000000000    -1.064712934424780     0.000000000000000
    -0.000000000000000     0.000000000000000     0.070622998570496
33 63
     0.286086956618068     0.150121597847606    -0.150121597847606
    -0.150279980777984    -0.128636771671611     0.369076468699516
     0.150279980777984     0.369076468699516    -0.128636771671611
33 64
     0.070622998570496    -0.000000000000000    -0.000000000000000
     0.000000000000000     0.070622998570496    -0.000000000000000
    -0.000000000000000    -0.000000000000000    -1.064712934424780
33 65
     0.038180126974474    -0.087728568066944    -0.087728568066944
    -0.087728568066944     0.038180126974474    -0.087728568066944
    -0.087728568066944    -0.087728568066944     0.038180126974474
33 66
    -0.028464959155007     0.000000000000000    -0.000000000000000
     0.000000000000000    -0.104301823882309     0.035826078940614
    -0.000000000000000     0.035826078940614    -0.104301823882309
33 67
     0.038180126974474     0.087728568066943     0.087728568066943
     0.087728568066944     0.038180126974474    -0.087728568066944
     0.087728568066944    -0.087728568066944     0.038180126974474
33 68
    -4.375317564595234     0.000000000000000     0.000000000000000
    -0.000000000000000     1.097211210543527     0.028307117850471
     0.000000000000000     0.028307117850470     1.097211210543527
33 69
    -0.104301823882309     0.000000000000000     0.035826078940614
    -0.000000000000000    -0.028464959155007    -0.000000000000000
     0.035826078940614    -0.000000000000000    -0.104301823882309
33 70
    -0.104301823882309    -0.035826078940614    -0.000000000000000
    -0.035826078940614    -0.104301823882309    -0.000000000000000
     0.000000000000000     0.000000000000000    -0.028464959155007
33 71
    -0.259536770726855     0.000000000000000    -0.054534680494766
    -0.000000000000000     0.025416057952862     0.000000000000000
    -0.053598820053935     0.000000000000000     0.094500586052823
33 72
    -0.259536770726855     0.054534680494766     0.000000000000000
     0.053598820053935     0.094500586052823     0.000000000000000
     0.000000000000000    -0.000000000000000     0.025416057952862
33 73
     0.038180126974474     0.087728568066943    -0.087728568066944
     0.087728568066944     0.038180126974474     0.087728568066944
    -0.087728568066944     0.087728568066944     0.038180126974474
33 74
     0.025416057952862     0.000000000000000     0.000000000000000
     0.000000000000000    -0.259536770726855    -0.054534680494766
     0.000000000000000    -0.053598820053935     0.094500586052823
33 75
     0.038180126974474    -0.087728568066944     0.087728568066943
    -0.087728568066944     0.038180126974474     0.087728568066944
     0.087728568066944     0.087728568066944     0.038180126974474
33 76
     0.025416057952862    -0.000000000000000    -0.000000000000000
    -0.000000000000000     0.094500586052823    -0.053598820053935
    -0.000000000000000    -0.054534680494766    -0.259536770726855
33 77
     1.097211210543527     0.000000000000000     0.028307117850471
     0.000000000000000    -4.375317564595234     0.000000000000000
     0.028307117850470     0.000000000000001     1.097211210543527
33 78
     0.094500586052823     0.053598820053935     0.000000000000000
     0.054534680494766    -0.259536770726855     0.000000000000000
    -0.000000000000000     0.000000000000000     0.025416057952862
33 79
     0.094500586052823    -0.000000000000000    -0.053598820053935
    -0.000000000000000     0.025416057952862    -0.000000000000000
    -0.054534680494766    -0.000000000000000    -0.259536770726855
33 80
     1.097211210543527    -0.028307117850471    -0.000000000000000
    -0.028307117850470     1.097211210543527    -0.000000000000000
    -0.000000000000000    -0.000000000000000    -4.375317564595234
33 81
    -0.104301823882309     0.035826078940614    -0.000000000000000
     0.035826078940614    -0.104301823882309    -0.000000000000000
    -0.000000000000000     0.000000000000000    -0.028464959155007
33 82
    -0.104301823882309     0.000000000000000    -0.035826078940614
    -0.000000000000000    -0.028464959155007    -0.000000000000000
    -0.035826078940614     0.000000000000000    -0.104301823882309
33 83
    -0.259536770726855    -0.054534680494766     0.000000000000000
    -0.053598820053935     0.094500586052823     0.000000000000000
     0.000000000000000    -0.000000000000000     0.025416057952862
33 84
    -0.259536770726855     0.000000000000000     0.054534680494766
    -0.000000000000000     0.025416057952862     0.000000000000000
     0.053598820053935    -0.000000000000000     0.094500586052823
33 85
    -0.028464959155007     0.000000000000000    -0.000000000000000
     0.000000000000000    -0.104301823882309    -0.035826078940614
    -0.000000000000000    -0.035826078940614    -0.104301823882309
33 86
    -0.682517471583362    -0.637070830372164    -0.637070830372164
    -0.637070830372164    -0.682517471583362    -0.637070830372164
    -0.637070830372164    -0.637070830372164    -0.682517471583362
33 87
    -4.375317564595234     0.000000000000000     0.000000000000000
    -0.000000000000000     1.097211210543527    -0.028307117850470
     0.000000000000000    -0.028307117850471     1.097211210543527
33 88
    -0.682517471583362     0.637070830372164     0.637070830372164
     0.637070830372164    -0.682517471583362    -0.637070830372164
     0.637070830372164    -0.637070830372164    -0.682517471583362
33 89
     0.094500586052823    -0.053598820053935     0.000000000000000
    -0.054534680494766    -0.259536770726855     0.000000000000000
     0.000000000000000     0.000000000000000     0.025416057952862
33 90
     1.097211210543527     0.000000000000000    -0.028307117850470
     0.000000000000000    -4.375317564595234     0.000000000000000
    -0.028307117850470     0.000000000000001     1.097211210543527
33 91
     1.097211210543527     0.028307117850470    -0.000000000000000
     0.028307117850470     1.097211210543527    -0.000000000000000
    -0.000000000000000    -0.000000000000000    -4.375317564595234
33 92
     0.094500586052823    -0.000000000000000     0.053598820053935
     0.000000000000000     0.025416057952862    -0.000000000000000
     0.054534680494766    -0.000000000000000    -0.259536770726855
33 93
     0.025416057952862     0.000000000000000     0.000000000000000
     0.000000000000000    -0.259536770726855     0.054534680494766
     0.000000000000000     0.053598820053935     0.094500586052823
33 94
    -0.682517471583362     0.637070830372164    -0.637070830372164
     0.637070830372164    -0.682517471583362     0.637070830372164
    -0.637070830372164     0.637070830372164    -0.682517471583362
33 95
     0.025416057952862    -0.000000000000000    -0.000000000000000
    -0.000000000000000     0.094500586052823     0.053598820053935
    -0.000000000000000     0.054534680494766    -0.259536770726855
33 96
    -0.682517471583362    -0.637070830372164     0.637070830372164
    -0.637070830372164    -0.682517471583362     0.637070830372164
     0.637070830372164     0.637070830372164    -0.682517471583362
65 1
     0.142612302513343     0.020289438975101     0.020289438975101
     0.020289438975101     0.142612302513343     0.020289438975101
     0.020289438975101     0.020289438975101     0.142612302513343
65 2
     0.962647079428609     0.596514581540983     0.596514581540983
     0.083413868195292    -0.334931603655745     0.129001394127234
     0.083413868195292     0.129001394127234    -0.334931603655745
65 3
     0.962647079428609    -0.596514581540983    -0.596514581540983
    -0.083413868195292    -0.334931603655745     0.129001394127234
    -0.083413868195292     0.129001394127234    -0.334931603655745
65 4
     0.142612302513343    -0.020289438975101    -0.020289438975101
    -0.020289438975101     0.142612302513343     0.020289438975101
    -0.020289438975101     0.020289438975101     0.142612302513343
65 5
    -0.334931603655745     0.083413868195292     0.129001394127234
     0.596514581540983     0.962647079428609     0.596514581540983
     0.129001394127234     0.083413868195292    -0.334931603655745
65 6
    -1.642835964580822     0.383331027843273    -0.383331027843273
     0.383331027843272    -1.642835964580822    -0.383331027843273
    -0.383331027843273    -0.383331027843273    -1.642835964580822
65 7
    -0.334931603655745    -0.129001394127234    -0.083413868195292
    -0.129001394127234    -0.334931603655745     0.083413868195292
    -0.596514581540983     0.596514581540983     0.962647079428609
65 8
    -0.245264673537263    -0.217040526461886     0.217040526461886
     0.062002090351078     0.402018679884033    -0.244846790226554
    -0.062002090351078    -0.244846790226554     0.402018679884033
65 9
    -0.334931603655745    -0.083413868195292     0.129001394127234
    -0.596514581540983     0.962647079428609    -0.596514581540983
     0.129001394127234    -0.083413868195292    -0.334931603655745
65 10
    -0.334931603655745    -0.129001394127234     0.083413868195292
    -0.129001394127234    -0.334931603655745    -0.083413868195292
     0.596514581540983    -0.596514581540983     0.962647079428609
65 11
    -0.334931603655745     0.129001394127234    -0.083413868195292
     0.129001394127234    -0.334931603655745    -0.083413868195292
    -0.596514581540983    -0.596514581540983     0.962647079428609
65 12
    -0.334931603655745     0.083413868195292    -0.129001394127234
     0.596514581540983     0.962647079428609    -0.596514581540983
    -0.129001394127234    -0.083413868195292    -0.334931603655745
65 13
     0.142612302513343    -0.020289438975101     0.020289438975101
    -0.020289438975101     0.142612302513343    -0.020289438975101
     0.020289438975101    -0.020289438975101     0.142612302513343
65 14
     0.402018679884033     0.062002090351078    -0.244846790226554
    -0.217040526461886    -0.245264673537263     0.217040526461886
    -0.244846790226554    -0.062002090351078     0.402018679884033
65 15
     0.962647079428609     0.596514581540983    -0.596514581540983
     0.083413868195292    -0.334931603655745    -0.129001394127234
    -0.083413868195292    -0.129001394127234    -0.334931603655745
65 16
     0.402018679884033     0.244846790226554    -0.062002090351078
     0.244846790226554     0.402018679884033    -0.062002090351078
     0.217040526461886     0.217040526461886    -0.245264673537263
65 17
    -0.334931603655745     0.129001394127234     0.083413868195292
     0.129001394127234    -0.334931603655745     0.083413868195292
     0.596514581540983     0.596514581540983     0.962647079428609
65 18
    -1.642835964580822    -0.383331027843273     0.383331027843273
    -0.383331027843273    -1.642835964580822    -0.383331027843273
     0.383331027843273    -0.383331027843273    -1.642835964580822
65 19
    -0.334931603655745    -0.083413868195292    -0.129001394127234
    -0.596514581540982     0.962647079428609     0.596514581540982
    -0.129001394127234     0.083413868195292    -0.334931603655745
65 20
    -0.245264673537263     0.217040526461886    -0.217040526461886
    -0.062002090351078     0.402018679884033    -0.244846790226554
     0.062002090351078    -0.244846790226554     0.402018679884033
65 21
    -1.642835964580822    -0.383331027843273    -0.383331027843273
    -0.383331027843273    -1.642835964580822     0.383331027843273
    -0.383331027843273     0.383331027843273    -1.642835964580822
65 22
    -1.642835964580822     0.383331027843273     0.383331027843273
     0.383331027843272    -1.642835964580822     0.383331027843273
     0.383331027843273     0.383331027843273    -1.642835964580822
65 23
    -0.245264673537263     0.217040526461886     0.217040526461886
    -0.062002090351078     0.402018679884033     0.244846790226554
    -0.062002090351078     0.244846790226554     0.402018679884033
65 24
    -0.245264673537263    -0.217040526461886    -0.217040526461886
     0.062002090351078     0.402018679884033     0.244846790226554
     0.062002090351078     0.244846790226554     0.402018679884033
65 25
     0.962647079428609    -0.596514581540983     0.596514581540983
    -0.083413868195292    -0.334931603655745    -0.129001394127234
     0.083413868195292    -0.129001394127234    -0.334931603655745
65 26
     0.402018679884033    -0.062002090351078     0.244846790226554
     0.217040526461886    -0.245264673537263     0.217040526461886
     0.244846790226554    -0.062002090351078     0.402018679884033
65 27
     0.142612302513343     0.020289438975101    -0.020289438975101
     0.020289438975101     0.142612302513343    -0.020289438975101
    -0.020289438975101    -0.020289438975101     0.142612302513343
65 28
     0.402018679884033    -0.244846790226554     0.062002090351078
    -0.244846790226554     0.402018679884033    -0.062002090351078
    -0.217040526461886     0.217040526461886    -0.245264673537263
65 29
     0.402018679884033    -0.062002090351078    -0.244846790226554
     0.217040526461886    -0.245264673537263    -0.217040526461886
    -0.244846790226554     0.062002090351078     0.402018679884033
65 30
     0.402018679884033     0.062002090351078     0.244846790226554
    -0.217040526461886    -0.245264673537263    -0.217040526461886
     0.244846790226554     0.062002090351078     0.402018679884033
65 31
     0.402018679884033    -0.244846790226554    -0.062002090351078
    -0.244846790226554     0.402018679884033     0.062002090351078
     0.217040526461886    -0.217040526461886    -0.245264673537263
65 32
     0.402018679884033     0.244846790226554     0.062002090351078
     0.244846790226554     0.402018679884033     0.062002090351078
    -0.217040526461886    -0.217040526461886    -0.245264673537263
65 33
     0.038180126974474    -0.087728568066944    -0.087728568066944
    -0.087728568066943     0.038180126974474    -0.087728568066943
    -0.087728568066944    -0.087728568066944     0.038180126974474
65 34
    -4.375317564595234    -0.000000000000000     0.000000000000000
    -0.000000000000000     1.097211210543527     0.028307117850470
     0.000000000000001     0.028307117850470     1.097211210543527
65 35
     0.038180126974474     0.087728568066944     0.087728568066943
     0.087728568066944     0.038180126974474    -0.087728568066943
     0.087728568066943    -0.087728568066944     0.038180126974474
65 36
    -0.028464959155007    -0.000000000000000    -0.000000000000000
    -0.000000000000000    -0.104301823882309     0.035826078940614
     0.000000000000000     0.035826078940614    -0.104301823882309
65 37
     1.097211210543527    -0.000000000000000     0.028307117850471
    -0.000000000000000    -4.375317564595234     0.000000000000000
     0.028307117850470     0.000000000000000     1.097211210543527
65 38
     1.097211210543527    -0.028307117850470    -0.000000000000000
    -0.028307117850470     1.097211210543527     0.000000000000000
    -0.000000000000000     0.000000000000000    -4.375317564595234
65 39
     0.094500586052823     0.000000000000000    -0.053598820053935
     0.000000000000000     0.025416057952862     0.000000000000000
    -0.054534680494766     0.000000000000000    -0.259536770726855
65 40
     0.094500586052823     0.053598820053935    -0.000000000000000
     0.054534680494766    -0.259536770726855     0.000000000000000
    -0.000000000000000    -0.000000000000000     0.025416057952862
65 41
     0.038180126974474     0.087728568066944    -0.087728568066944
     0.087728568066944     0.038180126974474     0.087728568066944
    -0.087728568066944     0.087728568066944     0.038180126974474
65 42
     0.025416057952862     0.000000000000000    -0.000000000000000
     0.000000000000000     0.094500586052823    -0.053598820053935
    -0.000000000000000    -0.054534680494766    -0.259536770726855
65 43
     0.038180126974474    -0.087728568066944     0.087728568066944
    -0.087728568066943     0.038180126974474     0.087728568066944
     0.087728568066944     0.087728568066944     0.038180126974474
65 44
     0.025416057952862    -0.000000000000000     0.000000000000000
    -0.000000000000000    -0.259536770726855    -0.054534680494766
    -0.000000000000000    -0.053598820053935     0.094500586052823
65 45
    -0.104301823882309    -0.000000000000000     0.035826078940614
    -0.000000000000000    -0.028464959155007     0.000000000000000
     0.035826078940614     0.000000000000000    -0.104301823882309
65 46
    -0.259536770726855     0.054534680494766    -0.000000000000000
     0.053598820053935     0.094500586052823    -0.000000000000000
     0.000000000000000    -0.000000000000000     0.025416057952862
65 47
    -0.259536770726855    -0.000000000000000    -0.054534680494766
    -0.000000000000000     0.025416057952862    -0.000000000000000
    -0.053598820053935    -0.000000000000000     0.094500586052823
65 48
    -0.104301823882309    -0.035826078940614     0.000000000000000
    -0.035826078940614    -0.104301823882309     0.000000000000000
     0.000000000000000     0.000000000000000    -0.028464959155007
65 49
     1.097211210543527     0.028307117850471    -0.000000000000000
     0.028307117850471     1.097211210543527     0.000000000000000
    -0.000000000000000     0.000000000000000    -4.375317564595234
65 50
     1.097211210543527    -0.000000000000000    -0.028307117850470
    -0.000000000000000    -4.375317564595234     0.000000000000000
    -0.028307117850471     0.000000000000000     1.097211210543527
65 51
     0.094500586052823    -0.053598820053935     0.000000000000000
    -0.054534680494766    -0.259536770726855     0.000000000000000
    -0.000000000000000     0.000000000000000     0.025416057952862
65 52
     0.094500586052823     0.000000000000000     0.053598820053935
     0.000000000000000     0.025416057952862     0.000000000000000
     0.054534680494766     0.000000000000000    -0.259536770726855
65 53
    -4.375317564595234    -0.000000000000000     0.000000000000000
    -0.000000000000000     1.097211210543527    -0.028307117850471
     0.000000000000001    -0.028307117850471     1.097211210543527
65 54
    -0.682517471583362    -0.637070830372164    -0.637070830372164
    -0.637070830372164    -0.682517471583362    -0.637070830372164
    -0.637070830372164    -0.637070830372164    -0.682517471583362
65 55
    -0.028464959155007    -0.000000000000000    -0.000000000000000
    -0.000000000000000    -0.104301823882309    -0.035826078940614
    -0.000000000000000    -0.035826078940614    -0.104301823882309
65 56
    -0.682517471583362     0.637070830372164     0.637070830372164
     0.637070830372164    -0.682517471583362    -0.637070830372164
     0.637070830372164    -0.637070830372164    -0.682517471583362
65 57
    -0.259536770726855    -0.054534680494766     0.000000000000000
    -0.053598820053935     0.094500586052823    -0.000000000000000
     0.000000000000000     0.000000000000000     0.025416057952862
65 58
    -0.104301823882309    -0.000000000000000    -0.035826078940614
    -0.000000000000000    -0.028464959155007     0.000000000000000
    -0.035826078940614     0.000000000000000    -0.104301823882309
65 59
    -0.104301823882309     0.035826078940614    -0.000000000000000
     0.035826078940614    -0.104301823882309     0.000000000000000
     0.000000000000000    -0.000000000000000    -0.028464959155007
65 60
    -0.259536770726855    -0.000000000000000     0.054534680494766
    -0.000000000000000     0.025416057952862     0.000000000000000
     0.053598820053935     0.000000000000000     0.094500586052823
65 61
     0.025416057952862     0.000000000000000    -0.000000000000000
     0.000000000000000     0.094500586052823     0.053598820053935
    -0.000000000000000     0.054534680494766    -0.259536770726855
65 62
    -0.682517471583362     0.637070830372164    -0.637070830372164
     0.637070830372164    -0.682517471583362     0.637070830372164
    -0.637070830372164     0.637070830372164    -0.682517471583362
65 63
     0.025416057952862    -0.000000000000000     0.000000000000000
    -0.000000000000000    -0.259536770726855     0.054534680494766
     0.000000000000000     0.053598820053935     0.094500586052823
65 64
    -0.682517471583362    -0.637070830372164     0.637070830372164
    -0.637070830372164    -0.682517471583362     0.637070830372164
     0.637070830372164     0.637070830372164    -0.682517471583362
65 65
    12.585882243138997     0.000000000000001     0.000000000000001
     0.000000000000002    12.585882243138995    -0.000000000000001
    -0.000000000000001    -0.000000000000001    12.585882243138997
65 66
     0.286086956618068    -0.150121597847606    -0.150121597847606
     0.150279980777984    -0.128636771671611    -0.369076468699516
     0.150279980777984    -0.369076468699516    -0.128636771671611
65 67
     0.122626844924445     0.000000000000000    -0.000000000000000
    -0.000000000000000    -0.159994841529522     0.000000000000000
    -0.000000000000000     0.000000000000000    -0.159994841529522
65 68
     0.286086956618068     0.150121597847606     0.150121597847606
    -0.150279980777984    -0.128636771671611    -0.369076468699516
    -0.150279980777984    -0.369076468699516    -0.128636771671611
65 69
    -0.128636771671611     0.150279980777984    -0.369076468699516
    -0.150121597847606     0.286086956618068    -0.150121597847606
    -0.369076468699516     0.150279980777984    -0.128636771671611
65 70
     0.030438071111373     0.020785386167565    -0.110308616911690
     0.020785386167565     0.030438071111373    -0.110308616911690
     0.110850548275013     0.110850548275014    -0.297932788297757
65 71
     0.030438071111373     0.110308616911690    -0.020785386167565
    -0.110850548275013    -0.297932788297757     0.110850548275013
    -0.020785386167565    -0.110308616911690     0.030438071111373
65 72
    -0.128636771671611     0.369076468699516    -0.150279980777984
     0.369076468699516    -0.128636771671611     0.150279980777984
     0.150121597847606    -0.150121597847606     0.286086956618068
65 73
    -0.159994841529522    -0.000000000000000    -0.000000000000000
    -0.000000000000000     0.122626844924445    -0.000000000000000
     0.000000000000000     0.000000000000000    -0.159994841529522
65 74
    -0.297932788297757    -0.110850548275014     0.110850548275013
     0.110308616911690     0.030438071111373    -0.020785386167565
    -0.110308616911690    -0.020785386167565     0.030438071111373
65 75
    -0.159994841529522    -0.000000000000000     0.000000000000000
    -0.000000000000000    -0.159994841529522     0.000000000000000
     0.000000000000000     0.000000000000000     0.122626844924445
65 76
    -0.297932788297757     0.110850548275013    -0.110850548275014
    -0.110308616911690     0.030438071111373    -0.020785386167565
     0.110308616911690    -0.020785386167565     0.030438071111373
65 77
    -0.128636771671611    -0.150279980777984    -0.369076468699516
     0.150121597847606     0.286086956618068     0.150121597847606
    -0.369076468699516    -0.150279980777984    -0.128636771671611
65 78
    -0.128636771671611     0.369076468699516     0.150279980777984
     0.369076468699516    -0.128636771671611    -0.150279980777984
    -0.150121597847606     0.150121597847606     0.286086956618068
65 79
     0.030438071111373    -0.110308616911690    -0.020785386167565
     0.110850548275013    -0.297932788297757    -0.110850548275013
    -0.020785386167565     0.110308616911690     0.030438071111373
65 80
     0.030438071111373     0.020785386167565     0.110308616911690
     0.020785386167565     0.030438071111373     0.110308616911690
    -0.110850548275014    -0.110850548275013    -0.297932788297757
65 81
    -0.128636771671611    -0.369076468699516     0.150279980777984
    -0.369076468699516    -0.128636771671611     0.150279980777984
    -0.150121597847606    -0.150121597847606     0.286086956618068
65 82
     0.030438071111373    -0.110308616911690     0.020785386167565
     0.110850548275013    -0.297932788297757     0.110850548275013
     0.020785386167565    -0.110308616911690     0.030438071111373
65 83
     0.030438071111373    -0.020785386167565     0.110308616911690
    -0.020785386167565     0.030438071111373    -0.110308616911690
    -0.110850548275013     0.110850548275013    -0.297932788297757
65 84
    -0.128636771671611    -0.150279980777984     0.369076468699516
     0.150121597847606     0.286086956618068    -0.150121597847606
     0.369076468699516     0.150279980777984    -0.128636771671611
65 85
    -0.297932788297757     0.110850548275013     0.110850548275013
    -0.110308616911690     0.030438071111373     0.020785386167565
    -0.110308616911690     0.020785386167565     0.030438071111373
65 86
    -0.065653735465842    -0.000000000000000    -0.000000000000000
    -0.000000000000000    -0.065653735465842     0.000000000000000
     0.000000000000000     0.000000000000000    -0.065653735465842
65 87
    -0.297932788297757    -0.110850548275014    -0.110850548275013
     0.110308616911690     0.030438071111373     0.020785386167565
     0.110308616911690     0.020785386167565     0.030438071111373
65 88
    -1.064712934424780    -0.000000000000000     0.000000000000000
    -0.000000000000000     0.070622998570496    -0.000000000000000
     0.000000000000000    -0.000000000000000     0.070622998570496
65 89
     0.030438071111373    -0.020785386167565    -0.110308616911690
    -0.020785386167565     0.030438071111373     0.110308616911690
     0.110850548275013    -0.110850548275013    -0.297932788297757
65 90
     0.030438071111373     0.110308616911690     0.020785386167565
    -0.110850548275013    -0.297932788297757    -0.110850548275013
     0.020785386167565     0.110308616911690     0.030438071111373
65 91
    -0.128636771671611    -0.369076468699516    -0.150279980777984
    -0.369076468699516    -0.128636771671611    -0.150279980777984
     0.150121597847606     0.150121597847606     0.286086956618068
65 92
    -0.128636771671611     0.150279980777984     0.369076468699516
    -0.150121597847606     0.286086956618068     0.150121597847606
     0.369076468699516    -0.150279980777984    -0.128636771671611
65 93
     0.286086956618068     0.150121597847606    -0.150121597847606
    -0.150279980777984    -0.128636771671611     0.369076468699516
     0.150279980777984     0.369076468699516    -0.128636771671611
65 94
     0.070622998570496    -0.000000000000000     0.000000000000000
    -0.000000000000000    -1.064712934424780     0.000000000000000
    -0.000000000000000     0.000000000000000     0.070622998570496
65 95
     0.286086956618068    -0.150121597847606     0.150121597847606
     0.150279980777984    -0.128636771671611     0.369076468699516
    -0.150279980777984     0.369076468699516    -0.128636771671611
65 96
     0.070622998570496     0.000000000000000    -0.000000000000000
     0.000000000000000     0.070622998570496     0.000000000000000
    -0.000000000000000     0.000000000000000    -1.064712934424780