9.677419354838709964e-01
-3.091999896965583541e-02
-1.297540787426150199e-01
-4.358048151686530480e-01
8.741687822507696048e-02
5.741392895109935501e-03
3.563093895343831807e-01
-1.542816946621902996e-01
1.561633783106878420e-02
-1.945736964763878363e-01
-8.666108600556970964e-03
-1.897000517534137565e-01
1.226521166304793409e-01
-9.449824872784334806e-02
1.947911014525531004e-01
-4.010837069167389607e-02
1.432900116200555851e-01
-5.402598996313797558e-02
3.068365311529556716e-01
3.439470430445340510e-02
-4.312658235030402132e-01
-3.764777824322233096e-02
1.609685934937161167e-01
2.879595081827747149e-01
-2.119110880208683115e-02
-3.214409136533027955e-01
-9.073933588941293094e-01
-1.466779307902616424e-02
5.673191085360786978e-01
-3.395649668067920457e-01
0.000000000000000000e+00
