9.994450610432852322e-01
9.706628942809254479e-01
9.012941182941477392e-01
8.261740381677928902e-01
7.686298537379364637e-01
7.321412629257052496e-01
7.069567328621900737e-01
6.796787387657654556e-01
6.419982015509618778e-01
5.949429357095515902e-01
5.464163634093625044e-01
5.044159803220863436e-01
4.714364024262571173e-01
4.438804109999321401e-01
4.164681439380948369e-01
3.865587135416966302e-01
3.552277601632958248e-01
3.260119085440621456e-01
3.022210662959746164e-01
2.835848874702380784e-01
2.660384872853716609e-01
2.458424192724876778e-01
2.232481612118393799e-01
2.017372170311508561e-01
1.847729531766868771e-01
1.733754891042304513e-01
1.651836688159927791e-01
1.555068706195606165e-01
1.404326433083130932e-01
1.197234608158583569e-01
9.658172044739975204e-02
7.512784089180551961e-02
5.843889087572439606e-02
4.713179816818893753e-02
3.897630745514317485e-02
3.041776455313292132e-02
1.862071226112502892e-02
2.455368925465631520e-03
-1.726181524085991861e-02
-3.810110267825502633e-02
-5.743660533773915777e-02
-7.381260268915698641e-02
-8.762908655387932622e-02
-1.007486754817986108e-01
-1.149544825494135392e-01
-1.306810837550195781e-01
-1.469374600070913750e-01
-1.619905095386602045e-01
-1.739972827990952375e-01
-1.814564098896295774e-01
-1.835175235975538277e-01
-1.805964561296974635e-01
-1.748541690742040911e-01
-1.693374621458007545e-01
-1.657114312036371828e-01
-1.629285379661413458e-01
-1.585074001886045969e-01
-1.511511872376472831e-01
-1.421556870350394741e-01
-1.343704290227622777e-01
-1.295470767170164017e-01
-1.268665177656529142e-01
-1.242877064386710279e-01
-1.203832401304491817e-01
-1.150743692132546597e-01
-1.095788679228036910e-01
-1.054886477984988274e-01
-1.032697726422992374e-01
-1.020561186941549153e-01
-1.006372141745755511e-01
-9.807989220024161681e-02
-9.409022235984723648e-02
-8.924626883059980087e-02
-8.457734714812424615e-02
-8.061951291061315861e-02
-7.661963844178819316e-02
-7.091630802095587327e-02
-6.218144805841740314e-02
-5.021775052228332620e-02
-3.590465780387619432e-02
-2.075077688682156613e-02
-6.088978708768108539e-03
7.271377696417398451e-03
1.902857921603401045e-02
2.943627314752765220e-02
3.893319416276561085e-02
4.728996867454620529e-02
5.381307328625782593e-02
5.840351398920538839e-02
6.199954725863920241e-02
6.584249130631672497e-02
7.051672328580295412e-02
7.538427705523792488e-02
7.891734581847753560e-02
7.969333677875041488e-02
7.734737916122320922e-02
7.292164704834444566e-02
6.833488026544576321e-02
6.508443890960971534e-02
6.321039344585575870e-02
6.159916881602199579e-02
5.896275800928961475e-02
5.439685856072776216e-02
4.741530859054364500e-02
3.828247937091343311e-02
2.811918516070171375e-02
1.773194226997157688e-02
6.827754364664925107e-03
-4.955749825030325052e-03
-1.676047237663382677e-02
-2.671770921537208396e-02
-3.345720368648823911e-02
-3.716108428358780996e-02
-3.976084804972281062e-02
-4.381651255269087414e-02
-4.991407457404491849e-02
-5.582218634599804552e-02
-5.901939215403396305e-02
-5.908271632113352989e-02
-5.727941026648075001e-02
-5.532898312239095673e-02
-5.497359273691048570e-02
-5.748006032786119601e-02
-6.316463028574570426e-02
-7.152473653252125474e-02
-8.138425111416386359e-02
-9.154977973440769912e-02
-1.013695400711258493e-01
-1.106330639465280263e-01
-1.193510493381012699e-01
-1.274996789111593198e-01
-1.349534735806624530e-01
-1.414479998525141613e-01
-1.468885594640876591e-01
-1.515670858231679963e-01
-1.558358596717734912e-01
-1.598364200758828624e-01
-1.633515676142696937e-01
-1.656388765919108719e-01
-1.663182562139763343e-01
-1.660053608328405927e-01
-1.659393053888512659e-01
-1.671200150053349376e-01
-1.697218276447189367e-01
-1.728782377263682890e-01
-1.751279818917657882e-01
-1.752798645666841515e-01
-1.729926031222751015e-01
-1.688751286981160504e-01
-1.643077017944268303e-01
-1.607186067658189776e-01
-1.589449909780852876e-01
-1.589610593686909823e-01
-1.599613284906624688e-01
-1.609492466785042986e-01
-1.610002563873813852e-01
-1.590866646185634115e-01
-1.542097885724672823e-01
-1.462421788163385805e-01
-1.367839994900146017e-01
-1.287066529107873669e-01
-1.240958639977982891e-01
-1.226778996171164204e-01
-1.224054891605782375e-01
-1.210674194283602317e-01
-1.178212153067801082e-01
-1.135028611834737883e-01
-1.100931411698448797e-01
-1.098060716999284397e-01
-1.133667323717759690e-01
-1.191576820185274443e-01
-1.243058353884394784e-01
-1.267913656405969536e-01
-1.265232250830500282e-01
-1.246983810848856927e-01
-1.223458680191733955e-01
-1.192333149600225822e-01
-1.140048581808371098e-01
-1.055957811175444877e-01
-9.443231596951695561e-02
-8.195244364087495015e-02
-6.894189096524967753e-02
-5.488609411884706052e-02
-3.913820340855719837e-02
-2.222224687270723392e-02
-5.931688650073725817e-03
7.585547555149305642e-03
1.676228671023637790e-02
2.118165506603403303e-02
2.217878455099532228e-02
2.258150483744583020e-02
2.503021167084165666e-02
3.018794664440442241e-02
3.614972026375737335e-02
4.000243068167586707e-02
4.038663363189650551e-02
3.827095311142001549e-02
3.565452751562113443e-02
3.420980313515180338e-02
3.479716119693251897e-02
3.710745903678680513e-02
3.982561110738529198e-02
4.148080180432563852e-02
4.091793553603138844e-02
3.735799248219639351e-02
3.085410335546704547e-02
2.261384311233492414e-02
1.419101854218487654e-02
6.308972850637011714e-03
-1.006861545669059804e-03
-7.492289812920041245e-03
-1.225266283055887265e-02
-1.461101290147996494e-02
-1.515846565867344509e-02
-1.537720747304475999e-02
-1.600079953342388450e-02
-1.682039371693588165e-02
-1.727177959605119550e-02
-1.652708649146620093e-02
-1.398198598777249807e-02
-9.918221996287394232e-03
-5.046292223703978050e-03
3.489604886743200777e-04
6.596304040704501284e-03
1.396515202440421800e-02
2.209895759601939944e-02
2.966274030111606258e-02
3.461707958385468187e-02
3.531053727845140378e-02
3.183998527566261200e-02
2.641380523083413853e-02
2.210691614726515569e-02
2.061738276054177546e-02
2.092173915156151157e-02
2.030462133595889451e-02
1.672846805091545222e-02
1.056119998033825183e-02
4.226798165320293406e-03
7.648966510953748160e-04
2.284624146936991944e-03
8.565571373394300844e-03
1.683378692421722694e-02
2.350354161559836674e-02
2.675084676747725015e-02
2.749780359390786161e-02
2.827968135513542203e-02
3.117067825723211782e-02
3.634013159044637009e-02
4.240258264250995612e-02
4.753732344043363339e-02
5.058269434120472863e-02
5.206194445621550870e-02
5.366514456530278171e-02
5.643809490119171962e-02
5.991836070643559442e-02
6.267498043021035858e-02
6.315684918409991688e-02
6.089536254061845427e-02
5.756237809858529009e-02
5.618932188111773474e-02
5.863839163086866785e-02
6.367344627684617953e-02
6.740392096940832356e-02
6.626502187908435426e-02
6.033085417744504103e-02
5.356506683823716863e-02
5.028085453642742314e-02
5.148817923705149152e-02
5.472554405593601373e-02
5.650371133514796307e-02
5.498368659960954641e-02
5.102334652136868154e-02
4.654106225286022691e-02
4.237221816404946467e-02
3.833211424619279578e-02
3.403980938261366718e-02
2.929806184751361509e-02
2.446289998622829670e-02
2.044149325988888627e-02
1.809244203333255918e-02
1.768241944485284683e-02
1.899980564993395543e-02
2.169229556169793849e-02
2.524667083768099285e-02
2.890750214522197145e-02
3.194265384723860013e-02
3.407579661023842077e-02
3.556741051594526637e-02
3.648884166880479035e-02
3.637741169035511868e-02
3.453275226503078194e-02
3.086048015890967625e-02
2.627456663616148380e-02
2.209838680276086584e-02
1.965629406814373148e-02
2.037263650709505991e-02
2.502737482742955696e-02
3.252346076474632586e-02
4.043339701137044218e-02
4.711872462041900161e-02
5.269963981992852736e-02
5.809951244020473970e-02
6.396892537132659040e-02
7.036577282501327302e-02
7.678914523258893732e-02
8.228450534973057173e-02
8.591219309179683183e-02
8.766890212570477292e-02
8.877917397638329655e-02
9.127487220227119280e-02
9.671716198347264648e-02
1.043712593084960977e-01
1.118577952467611492e-01
1.177066782597144812e-01
1.220363392618793591e-01
1.252932713602387671e-01
1.278788376384762671e-01
1.308345137859534268e-01
1.352828925944422334e-01
1.407962407644258174e-01
1.454848861013476602e-01
1.476212562866548450e-01
1.472352783415997735e-01
1.464434286982453093e-01
1.477888635534321538e-01
1.519975377641695213e-01
1.575826543668903401e-01
1.622597614074132444e-01
1.645348415395656294e-01
1.641151559078137256e-01
1.614445861784502279e-01
1.566844529738551095e-01
1.492969146895933574e-01
1.391973263441344255e-01
1.279521174450474474e-01
1.179340199891567992e-01
1.105954181368105776e-01
1.059871741841788423e-01
1.032399290986936446e-01
1.009444999532778386e-01
9.778990619615651747e-02
9.308133557060402352e-02
8.691879426874547787e-02
7.998437692522862574e-02
7.325822626942064819e-02
6.768667767687358561e-02
6.364657417284994012e-02
6.049346726589663326e-02
5.725695140710110320e-02
5.363631899838575828e-02
4.997463268391849622e-02
4.662017041159319947e-02
4.351467516795008011e-02
4.058961442612387532e-02
3.828170583016552581e-02
3.658562035603857288e-02
3.413676799611969209e-02
2.952238184840700122e-02
2.261398647603088397e-02
1.402796637784863888e-02
4.754294910845855392e-03
-3.573233543602922970e-03
-9.623450979857950394e-03
-1.378500673491933441e-02
-1.761555814031800712e-02
-2.240997290973397588e-02
-2.866068889919060753e-02
-3.661708044225674835e-02
-4.672493677585443789e-02
-5.929922596231360782e-02
-7.377464697345910427e-02
-8.855634615607933802e-02
-1.018287910276795549e-01
-1.123215721679970414e-01
-1.198092235317718551e-01
-1.255553997451300807e-01
-1.320656310600706873e-01
-1.413005845005899097e-01
-1.525891300945482476e-01
-1.625034278441315205e-01
-1.670241527309745677e-01
-1.645012724379787961e-01
-1.569645769703364446e-01
-1.484456511381907762e-01
-1.421766684399238256e-01
-1.391026386942564586e-01
-1.380278010385786458e-01
-1.363265652044037268e-01
-1.314451918167951483e-01
-1.225188360099623008e-01
-1.109321567058387387e-01
-9.950494175182379719e-02
-9.074325999086428618e-02
-8.487541889022158503e-02
-7.974235729531760353e-02
-7.357462923958134338e-02
-6.753222276945647362e-02
-6.450986477171620492e-02
-6.603139107863341406e-02
-7.106382137106195818e-02
-7.742234626880516168e-02
-8.313646985870581929e-02
-8.690141712974198962e-02
-8.861311463157631185e-02
-8.993562878942569505e-02
-9.290002272133611461e-02
-9.747028180464693825e-02
-1.011042786207292238e-01
-1.010157115264954109e-01
-9.660540581595090937e-02
-8.930138583843719169e-02
-8.140692509630270690e-02
-7.526497866988993146e-02
-7.194237384577195638e-02
-7.017375536579352480e-02
-6.768255939407595567e-02
-6.334880269949577647e-02
-5.740707969666083987e-02
-5.070781099004997849e-02
-4.486642007743032318e-02
-4.169552413137127961e-02
-4.147408660083291843e-02
-4.262909606446150385e-02
-4.373702312003646675e-02
-4.558466056530308813e-02
-5.028600592743947412e-02
-5.851828967836784218e-02
-6.836589262365611042e-02
-7.686534738768611985e-02
-8.214105817973955947e-02
-8.427058846483005683e-02
-8.460826499276595525e-02
-8.488219806650541821e-02
-8.616075913306069090e-02
-8.879030349838341885e-02
-9.337760988445295562e-02
-1.007730120394766948e-01
-1.109068562594908713e-01
-1.227023720379312316e-01
-1.353587044569140307e-01
-1.489611228815754806e-01
-1.632903345113931592e-01
-1.770499541310409652e-01
-1.886951136909872928e-01
-1.977432552557332468e-01
-2.047324123772905347e-01
-2.101055315280990765e-01
-2.138966815437438884e-01
-2.161522964865584262e-01
-2.172312155208223350e-01
-2.176589407454218306e-01
-2.176093191197792653e-01
-2.167986712366575253e-01
-2.149215744661238936e-01
-2.122489096381126317e-01
-2.099037211066371866e-01
-2.092742929646165539e-01
-2.112659645466789249e-01
-2.159265093356907139e-01
-2.226487403861186765e-01
-2.301782412522943300e-01
-2.366709100504508778e-01
-2.406973650897193950e-01
-2.420558781723326502e-01
-2.411500411542997491e-01
-2.383384775304992764e-01
-2.342856785061615821e-01
-2.301874657467368468e-01
-2.267427939735740805e-01
-2.237371845139658200e-01
-2.210969020302374632e-01
-2.188921768835856152e-01
-2.163919080839326048e-01
-2.121009561000820332e-01
-2.048209961566845316e-01
-1.946864316562925135e-01
-1.836284273081180696e-01
-1.745523097531825885e-01
-1.691641113353947179e-01
-1.662812705720737305e-01
-1.625074315174536987e-01
-1.547819453292816894e-01
-1.427981591403899297e-01
-1.292811822700579982e-01
-1.175535173300955999e-01
-1.089990065907175676e-01
-1.030690530205983363e-01
-9.855761561524704895e-02
-9.440109705856135347e-02
-9.034664546374551741e-02
-8.706967715140295772e-02
-8.515930296374558950e-02
-8.417951156820437097e-02
-8.264545986804781863e-02
-7.877635934976234822e-02
-7.216875436247242870e-02
-6.483706464810576331e-02
-5.985333050649310066e-02
-5.885677617018379021e-02
-6.078963193855827646e-02
-6.224074259232765388e-02
-5.927649035788085802e-02
-4.993082545764492702e-02
-3.556618793306472875e-02
-1.992635607568276138e-02
-7.272160775380461829e-03
-5.581903134261500176e-04
7.044147895866573368e-04
6.722033416686596340e-04
3.924011856399498878e-03
1.192677449625378742e-02
2.271706545234860458e-02
3.347653834263370626e-02
4.252310707100233345e-02
4.994661145604276792e-02
5.733300879317292792e-02
6.614517859008457734e-02
7.575653758035547081e-02
8.294602404126928674e-02
8.399335163554004502e-02
7.827581409936595902e-02
6.919080323300758062e-02
6.034235524249693949e-02
5.188559171237739492e-02
4.180132051438480156e-02
2.861434969488243704e-02
1.180061516609709135e-02
-7.830615065512301284e-03
-2.683296236391146186e-02
-4.040189291946883615e-02
-4.629944287732419561e-02
-4.701227629252784784e-02
-4.810498757264828479e-02
-5.389201130840276521e-02
-6.369972056731047771e-02
-7.249046319713133013e-02
-7.531396285101236987e-02
-7.058817492049994369e-02
-6.054982586795661093e-02
-4.973292700228464785e-02
-4.237889461360786619e-02
-4.029472669230718673e-02
-4.295166668842458763e-02
-4.880634596317832280e-02
-5.609763696765911190e-02
-6.336360180671109232e-02
-6.973871797614890344e-02
-7.494629257472482098e-02
-7.912737986700391080e-02
-8.257366805300977997e-02
-8.563869572638602157e-02
-8.831643524395253741e-02
-9.015645892238803583e-02
-9.083308052044476721e-02
-9.021132310996343717e-02
-8.845726905159063957e-02
-8.636803405933803079e-02
-8.508576451555646680e-02
-8.545380080737788320e-02
-8.786166338435356937e-02
-9.262767367394562912e-02
-9.967825172638934694e-02
-1.074795598682083964e-01
-1.137502502256530490e-01
-1.172209748743174434e-01
-1.185944218553199453e-01
-1.191746187996982481e-01
-1.186625783594523614e-01
-1.155958908622341519e-01
-1.095081820936312789e-01
-1.018092225725132638e-01
-9.441844880783399618e-02
-8.777487354355127669e-02
-8.023268903297808841e-02
-6.922740124020576591e-02
-5.332765867992512315e-02
-3.392310657803904173e-02
-1.443032827984435176e-02
1.770853924812140464e-03
1.323119560643777615e-02
2.107744326749021874e-02
2.795625125413478060e-02
3.648596743369623280e-02
4.786020481433941182e-02
6.035518726770518205e-02
6.976438226773994111e-02
7.263160255494589823e-02
6.938125719584462003e-02
6.427269987699657516e-02
6.219913751752105535e-02
6.514519872980231718e-02
7.129053545403775394e-02
7.708831779525114614e-02
7.970955259484704958e-02
7.867056123535176582e-02
7.612799146231657987e-02
7.574955155600814061e-02
8.049095435316339087e-02
9.038089489385978115e-02
1.023834121156538685e-01
1.126880731440739747e-01
1.187234188056865286e-01
1.204712139589310255e-01
1.206782615112334117e-01
1.226969164997918499e-01
1.276051554768160845e-01
1.341822273996333414e-01
1.410162044914685109e-01
1.466730663976037186e-01
1.488874361330011775e-01
1.462656290487474586e-01
1.403483928274323334e-01
1.346235319416853593e-01
1.316056795391106760e-01
1.311177929422772670e-01
1.315554389088516851e-01
1.320870336127951405e-01
1.333160410305944121e-01
1.362699479482147591e-01
1.409544655109468692e-01
1.459364807437714406e-01
1.494071772705536094e-01
1.505756203958401318e-01
1.503118827684261916e-01
1.503283026321202143e-01
1.516380860107412742e-01
1.534921809355268840e-01
1.540345648201246198e-01
1.514057665899027350e-01
1.443920754376113447e-01
1.334346585083482362e-01
1.209617989431397561e-01
1.103413879281867349e-01
1.047994045141616148e-01
1.061150960137950683e-01
1.133436371714169888e-01
1.229789664866538651e-01
1.309128913178480569e-01
1.349990808144351517e-01
1.361181737475328501e-01
1.366542590747993335e-01
1.379106977924270117e-01
1.395767106896609044e-01
1.408406983166524684e-01
1.407527387006908826e-01
1.385215937743640713e-01
1.342888166771605551e-01
1.293231166369310514e-01
1.253540990953828371e-01
1.232439012187307725e-01
1.226321227351869492e-01
1.226369749256575881e-01
1.217085183273858007e-01
1.174441164086709871e-01
1.092793305522589270e-01
1.006058634396263529e-01
9.605132866567345218e-02
9.683947554265764923e-02
9.938322546931914470e-02
9.801489758726994461e-02
8.920781342173403350e-02
7.404035591761295998e-02
5.744216136532533795e-02
4.512354357818428724e-02
3.992278530591017449e-02
4.004883997999874462e-02
4.064892738861414917e-02
3.745394881410549215e-02
2.910533415669865412e-02
1.721664337020029079e-02
5.107143748908139248e-03
-4.165789457057318679e-03
-9.903447995546255794e-03
-1.484454679558306137e-02
-2.262428466205830546e-02
-3.321538996660197696e-02
-4.226665647044818702e-02
-4.484991440471123442e-02
-3.941589154468534695e-02
-2.909706662180708281e-02
-2.004760850477500453e-02
-1.728137362460199083e-02
-2.110624952140536040e-02
-2.798899433371756368e-02
-3.442452086921009985e-02
-3.893641851476033894e-02
-4.133838848912804037e-02
-4.211356430984975613e-02
-4.259385031416462047e-02
-4.442335397765583005e-02
-4.833216416713005670e-02
-5.375371393996553060e-02
-5.942204613598841417e-02
-6.437108892351658951e-02
-6.850741548275594839e-02
-7.202196399919234826e-02
-7.467499296136070885e-02
-7.555521449656986410e-02
-7.307539362213652523e-02
-6.638789913266765486e-02
-5.705613391495753528e-02
-4.874202736514060552e-02
-4.452766899306484505e-02
-4.444449718164322077e-02
-4.554544669683541214e-02
-4.384370469021454941e-02
-3.704282328808643915e-02
-2.605093379279036295e-02
-1.410823231916779642e-02
-4.787172111677223153e-03
-7.376077339156328436e-04
-2.953190129850220055e-03
-9.869601810973391287e-03
-1.717152216280667942e-02
-2.052005165269757056e-02
-1.909596410513931738e-02
-1.549053381824658758e-02
-1.245513413614510005e-02
-1.092531850338268259e-02
-1.000676200474053673e-02
-7.364691200174364530e-03
-4.738274794955048947e-04
1.089943246445489872e-02
2.373526365152766118e-02
3.387112625454390819e-02
3.894742746065599226e-02
3.869876590907118941e-02
3.328924767022274633e-02
2.318157552109578398e-02
1.045993563969186378e-02
-9.913066076273043328e-04
-7.621040349517419280e-03
-8.783564413678807137e-03
-6.390057898680152199e-03
-2.773551396466395272e-03
4.300764173016780154e-04
2.170147303022832395e-03
2.127395139266739007e-03
1.013227716924912239e-03
-9.891043075495441087e-05
-4.800928266206795094e-04
8.326726554945860321e-04
4.946662422729588421e-03
1.179147648867675570e-02
1.932586515616454767e-02
2.410843883054566636e-02
2.319992122242670041e-02
1.604554806007511825e-02
4.561566157964892440e-03
-8.181441108438007939e-03
-1.942047157078994127e-02
-2.816672054140906961e-02
-3.642598775219536844e-02
-4.756869797940221217e-02
-6.281532306946589761e-02
-8.042839711778645984e-02
-9.767057249933283614e-02
-1.116942725726712271e-01
-1.200412861132441750e-01
-1.225253119081765457e-01
-1.220720087952680000e-01
-1.219193159345245414e-01
-1.223619914807770603e-01
-1.213778878110954307e-01
-1.178396390991358206e-01
-1.129062180184443182e-01
-1.088005885601775330e-01
-1.072086701044344809e-01
-1.082545199996100826e-01
-1.100690799939154640e-01
-1.101120607079687092e-01
-1.077217895684371290e-01
-1.049710382639256895e-01
-1.049220833263264097e-01
-1.091453885488827547e-01
-1.163097282506913438e-01
-1.234795534542190154e-01
-1.283887533417177318e-01
-1.303775852796957013e-01
-1.305799988230586794e-01
-1.314192663133356975e-01
-1.348969541557025198e-01
-1.413034656724774241e-01
-1.494572962040599529e-01
-1.578448635445744153e-01
-1.651542354498707066e-01
-1.708957865632991513e-01
-1.757542814294167366e-01
-1.812618007315421331e-01
-1.886278559978456226e-01
-1.973905086092795080e-01
-2.060226378670596270e-01
-2.133138302553148624e-01
-2.183238797392034747e-01
-2.205501392325492915e-01
-2.205478668473886961e-01
-2.193543376893719588e-01
-2.175142479568810405e-01
-2.151228278319638199e-01
-2.116333252762760686e-01
-2.053691279221830368e-01
-1.946731083009852481e-01
-1.800023895163654630e-01
-1.637882619320326916e-01
-1.480758279134038180e-01
-1.326963633633196360e-01
-1.159936686623530000e-01
-9.699569932160607977e-02
-7.715128507044805017e-02
-5.928410363239224740e-02
-4.560938573977982302e-02
-3.724015280236388226e-02
-3.377830287758561839e-02
-3.319202201711322908e-02
-3.323418807931007024e-02
-3.228594827485355145e-02
-2.955042718556173675e-02
-2.547585486217471620e-02
-2.134224075384658428e-02
-1.767620360693922948e-02
-1.324791652620958653e-02
-6.071615840311071419e-03
4.728974978845266498e-03
1.840628465620665344e-02
3.299802729340313434e-02
4.591233002878720992e-02
5.531370111997385708e-02
6.145098193835080158e-02
6.618593973471297021e-02
7.097647785794272690e-02
7.592826587764325841e-02
8.104559659159094043e-02
8.654244826204429697e-02
9.156640290098799762e-02
9.446299132872673643e-02
9.468341189554399517e-02
9.339589672164548551e-02
9.198662240935583101e-02
9.091338546994176539e-02
8.981691618958879963e-02
8.781056690724525771e-02
8.412662683098198757e-02
7.892293321497464986e-02
7.377785576332712703e-02
7.089656011741156394e-02
7.110726571166761656e-02
7.337125604533278889e-02
7.598086046477539601e-02
7.697670256116737053e-02
7.463987981581943210e-02
6.854342304236256400e-02
5.945938705546358755e-02
4.823932293975490004e-02
3.522956015991050155e-02
2.076262132793960449e-02
5.272329634198419553e-03
-1.073122253625565133e-02
-2.626896965835070347e-02
-3.982417096400682477e-02
-5.031208173071323453e-02
-5.784628226136068196e-02
-6.364571212886198370e-02
-6.947744073466599612e-02
-7.699136947038767720e-02
-8.659995130675778030e-02
-9.652291314518729459e-02
-1.037985083572408318e-01
-1.066518438359254778e-01
-1.059907382121457325e-01
-1.047713796639299227e-01
-1.056330316458769236e-01
-1.086412848057530522e-01
-1.109969950298937552e-01
-1.098558748496208659e-01
-1.053419925002588159e-01
-1.003009753349778654e-01
-9.747705825133738677e-02
-9.708254459321218055e-02
-9.694222532682439386e-02
-9.422003149719229698e-02
-8.679151472553095492e-02
-7.421716061913456730e-02
-5.854054416523448573e-02
-4.328443099552366918e-02
-3.101300556048284737e-02
-2.160602935053865595e-02
-1.319697249474552879e-02
-4.963340069982199836e-03
1.750994258731160486e-03
5.089705262165082969e-03
4.850748441606483365e-03
2.550016988155705700e-03
2.106136143832711030e-04
-8.042476658182142694e-04
-6.326038462988284620e-04
-7.194836397337783579e-04
-1.814639761971713425e-03
-2.190563848215155204e-03
1.758330683767870021e-03
1.252389728575735960e-02
2.968788654483266523e-02
5.044583331500640533e-02
7.147149572204283818e-02
9.073018297877594174e-02
1.088043043655989306e-01
1.285600870199403167e-01
1.525196514440649853e-01
1.791902909659148502e-01
2.029670916890337351e-01
2.187239954718116774e-01
2.264807893237200387e-01
2.309120131618596361e-01
2.373865827398139727e-01
2.489822655079608760e-01
2.648554502215236806e-01
2.801647718143862598e-01
2.892010860540632500e-01
2.901062236333912803e-01
2.865176203780563369e-01
2.839608214370667461e-01
2.850193731866406122e-01
2.876340873827753497e-01
2.876865325794891737e-01
2.836506746168544479e-01
2.780911765626248866e-01
2.748344615768886223e-01
2.761406047967508992e-01
2.813197677952692377e-01
2.865604925578209561e-01
2.872972165378845921e-01
2.820704681569892736e-01
2.734962510542818248e-01
2.655570274252183061e-01
2.609459101013025251e-01
2.596369353089949539e-01
2.591714287246861814e-01
2.566099528076999370e-01
2.508742706231870123e-01
2.436348898535234953e-01
2.383559011273763684e-01
2.376829905729864190e-01
2.408231920842313079e-01
2.431148004030230791e-01
2.393988648432454347e-01
2.282092231544939342e-01
2.123306114804350830e-01
1.951534431268514280e-01
1.777809327325070021e-01
1.599155315995902660e-01
1.423857928862925504e-01
1.273187773899009667e-01
1.156278439720025836e-01
1.052246727703260304e-01
9.287104580507948848e-02
7.704459584261071081e-02
5.867678582338566734e-02
3.971640543546966357e-02
2.146596564444227043e-02
4.495342939989586430e-03
-1.031559315745798379e-02
-2.190571354641701260e-02
-3.024846723277923102e-02
-3.642571817177499283e-02
-4.136876312344645035e-02
-4.481130812387289220e-02
-4.515972636171294158e-02
-4.052233782278478330e-02
-3.025198622013604635e-02
-1.529484823972606863e-02
1.764932452054364300e-03
1.717049768090561646e-02
2.779747089838897206e-02
3.289958742736142500e-02
3.344383768460808259e-02
3.076396846283437070e-02
2.617654909408913960e-02
2.047631971533365319e-02
1.368189022743523595e-02
5.708040636568868093e-03
-3.671971953505537116e-03
-1.546737033541591491e-02
-3.140190384370362270e-02
-5.179521394943124857e-02
-7.344487352875746222e-02
-9.177836838786344875e-02
-1.047779657020722760e-01
-1.132095358153443893e-01
-1.183724932434320198e-01
-1.217581290681876982e-01
-1.251182407698930299e-01
-1.287259897101060147e-01
-1.305077978491340496e-01
-1.278718259887765829e-01
-1.197401354195457568e-01
-1.072424409764604070e-01
-9.318267996101248229e-02
-8.006589356509058453e-02
-6.846630047435782462e-02
-5.727193991262194417e-02
-4.549792194146642932e-02
-3.384809493328495844e-02
-2.447647183764106379e-02
-1.866838442613247620e-02
-1.476277022961575321e-02
-9.391325035755179046e-03
-4.735470220850793686e-04
1.204600536575234707e-02
2.698012766792924969e-02
4.243078324794447020e-02
5.606163570807184970e-02
6.637829851937038228e-02
7.349096118163490898e-02
7.853390951241188966e-02
8.277158646519176821e-02
8.684579671558857739e-02
9.020805068788702308e-02
9.190673914591333815e-02
9.210894260571787784e-02
9.242019921697113005e-02
9.453755077721652522e-02
9.892155439846399279e-02
1.047169934875000624e-01
1.110300255472715658e-01
1.179420933534496563e-01
1.258963501452775302e-01
1.345316498566215824e-01
1.428747753814513799e-01
1.501414627781841316e-01
1.554711095651562514e-01
1.574698117883188420e-01
1.553821544911445918e-01
1.507313986323071120e-01
1.465590638955054092e-01
1.447677810848854718e-01
1.446144944455741987e-01
1.428926074703411320e-01
1.360686614007394490e-01
1.220325121893962167e-01
1.004781200930376928e-01
7.317275950891306835e-02
4.360234701683730202e-02
1.560464310174973848e-02
-8.448975301652618744e-03
-2.946882444779859098e-02
-5.047093266569298298e-02
-7.352324480321316413e-02
-9.768308344216820871e-02
-1.196319025468998987e-01
-1.355873766593103380e-01
-1.437780144005985916e-01
-1.460521175078269562e-01
-1.467886089453694920e-01
-1.492187088671275419e-01
-1.532792676826621181e-01
-1.566196864982548898e-01
-1.573382266135481544e-01
-1.561796273504762467e-01
-1.559795335569024721e-01
-1.584516018291868555e-01
-1.619411672632270760e-01
-1.630280797116134550e-01
-1.597795241779045305e-01
-1.523785415688991285e-01
-1.425217994018127821e-01
-1.330220496557990295e-01
-1.266348844040362520e-01
-1.243940881884151306e-01
-1.251375148291384576e-01
-1.269179293224756422e-01
-1.281203518632275939e-01
-1.274455141183259699e-01
-1.239874532899660625e-01
-1.178086975514968104e-01
-1.101851404197186773e-01
-1.030882869582527006e-01
-9.817995376891243409e-02
-9.617322897770881618e-02
-9.687913421408334003e-02
-9.970784953714449672e-02
-1.040023354210168199e-01
-1.097368945637410970e-01
-1.170991136159871548e-01
-1.253953487962940483e-01
-1.333301622015308219e-01
-1.401283402391634847e-01
-1.455256432588559190e-01
-1.488617504239816147e-01
-1.496329379905548540e-01
-1.487054819030346198e-01
-1.473280818347647014e-01
-1.450531815225460097e-01
-1.401528653924483392e-01
-1.327931019248779210e-01
-1.263974930084999782e-01
-1.242583519874088799e-01
-1.264843506055775002e-01
-1.314592417100207133e-01
-1.378089734345751272e-01
-1.438471206083974385e-01
-1.471501892484025353e-01
-1.461813364484224054e-01
-1.411655955447888022e-01
-1.337516576671030910e-01
-1.267464156529574115e-01
-1.228909862766761757e-01
-1.228179180002321458e-01
-1.235383526964657502e-01
-1.197954366389940295e-01
-1.085703101754688371e-01
-9.215020566243817268e-02
-7.560054401965599080e-02
-6.205062225458028713e-02
-5.146128430623323619e-02
-4.217313448282521138e-02
-3.303234005113268867e-02
-2.443716380144704894e-02
-1.747890342085004628e-02
-1.254013133163190373e-02
-8.917088663358163636e-03
-5.365398139920725569e-03
-8.553253123434909023e-04
5.363497110857613076e-03
1.322200822075185120e-02
2.107666593789664367e-02
2.651391828467366402e-02
2.879243323455917339e-02
2.992119802939600254e-02
3.290722328827969112e-02
3.917523856946165950e-02
4.766374208548541935e-02
5.496594521031879232e-02
5.734778641216336376e-02
5.410852797230475408e-02
4.879139734994903527e-02
4.671520743178253499e-02
5.101320915407594331e-02
6.001558576255056066e-02
6.831375348349327803e-02
7.141049474222901927e-02
6.898341367938784496e-02
6.382503963008857861e-02
5.853069068432804889e-02
5.417287988618500055e-02
5.123659056380439752e-02
5.052402369313093583e-02
5.266993169747079262e-02
5.711614061651419660e-02
6.197683711561105535e-02
6.493405743827282417e-02
6.421024276119589869e-02
5.943680719872886792e-02
5.131238726675461242e-02
4.143205727011331496e-02
3.250439768496834331e-02
2.808672299704896569e-02
3.023722828590998807e-02
3.709464099382847602e-02
4.394686025478926339e-02
4.708778005338982303e-02
4.623563924432753242e-02
4.389227860960186189e-02
4.358571452957107906e-02
4.857984632092462313e-02
5.962511895941033369e-02
7.282902944190532135e-02
8.227426398314797995e-02
8.482625098200655134e-02
8.146537140112049269e-02
7.525286646597985352e-02
6.967352980848517952e-02
6.741200538180880386e-02
6.842838761326136554e-02
7.000820452440856267e-02
6.939911682441544938e-02
6.599952128172303922e-02
6.154510325693605260e-02
5.742544403583876855e-02
5.282542017387821531e-02
4.577013922574115629e-02
3.409041179487803941e-02
1.655768614689520635e-02
-5.023794900069586400e-03
-2.620092394891858009e-02
-4.366881369486799030e-02
-5.792659287241960081e-02
-7.191793889472210266e-02
-8.796266619970399825e-02
-1.056123960203834838e-01
-1.219787337704364288e-01
-1.344194189783745885e-01
-1.425145703929297514e-01
-1.482276489433184963e-01
-1.547989723486588309e-01
-1.642371718444939899e-01
-1.753191517829735813e-01
-1.847441774711491291e-01
-1.894866533841358669e-01
-1.882932720668221149e-01
-1.822516101670357547e-01
-1.750762879918903447e-01
-1.704513778672879232e-01
-1.686824948814566183e-01
-1.663533042335967327e-01
-1.593062301416280357e-01
-1.461686030293131155e-01
-1.297232843024812010e-01
-1.151450572984412807e-01
-1.068640334327244090e-01
-1.052260289021440115e-01
-1.061004389616047178e-01
-1.040517495447658841e-01
-9.633963552693497467e-02
-8.402681485015718599e-02
-7.044530357271817922e-02
-5.906802175535389582e-02
-5.131874099812816503e-02
-4.507926766288591208e-02
-3.564420737366592179e-02
-1.960296360473519003e-02
1.921337744229438017e-03
2.434258827115334117e-02
4.336955178427309709e-02
5.711722305588743526e-02
6.572115709423444196e-02
7.129327668120269412e-02
7.764517431877811238e-02
8.756966237562910371e-02
1.012630663328080854e-01
1.176380129341451919e-01
1.347334520975636829e-01
1.495467234118305344e-01
1.602277041245747935e-01
1.677669728739980826e-01
1.738107449259101156e-01
1.790520566325436713e-01
1.848239615377133549e-01
1.940252720134523490e-01
2.085393728551007131e-01
2.272206819955137347e-01
2.475250447775540485e-01
2.687777837121822500e-01
2.925900587884509019e-01
3.192829500468262749e-01
3.457300354995180292e-01
3.687129275948806684e-01
3.876515484423152524e-01
4.041862207959990294e-01
4.207857444212495523e-01
4.390022861101690044e-01
4.580037172432580572e-01
4.747570216390130660e-01
4.857127397095540866e-01
4.893134833605776168e-01
4.867926606987007521e-01
4.805053426810251826e-01
4.726467815614047718e-01
4.656329351220783175e-01
4.619282548887729822e-01
4.618236423851803663e-01
4.629423838813080394e-01
4.624154660708024167e-01
4.594617650856654967e-01
4.559880519978216640e-01
4.555229270756589455e-01
4.610007171202087362e-01
4.722697658219506267e-01
4.854409278521759630e-01
4.948572584119486084e-01
4.962605759031986086e-01
4.893945889394852866e-01
4.780722617961485343e-01
4.678958163109573909e-01
4.624437613697204852e-01
4.615539849039197451e-01
4.621382259062277731e-01
4.606436886083618010e-01
4.559231618250937368e-01
4.496459263207197576e-01
4.433944156109148604e-01
4.359816811831841443e-01
4.247462866467718312e-01
4.080313932145156475e-01
3.861266645776197382e-01
3.618982454024187723e-01
3.388020042352770655e-01
3.175401006705942941e-01
2.957361839232376388e-01
2.702989734542035616e-01
2.396552517853269004e-01
2.047674749976985675e-01
1.684987153800192317e-01
1.344534938827914305e-01
1.052667585215454615e-01
8.068879678530985200e-02
5.698236780856619915e-02
2.993851182903301336e-02
-1.635078983573105653e-03
-3.544521280458275830e-02
-6.699349872201390554e-02
-9.304946440153499809e-02
-1.145676319885564204e-01
-1.345822753286122775e-01
-1.549112938829461661e-01
-1.757182620471472168e-01
-1.968418601200217222e-01
-2.186840986764518879e-01
-2.423248197978209451e-01
-2.681762362775542696e-01
-2.942792904253139219e-01
-3.173015726897890354e-01
-3.354002269659561719e-01
-3.495231760258581954e-01
-3.632534093398587793e-01
-3.812528660299079331e-01
-4.053887925939472225e-01
-4.320786279746936520e-01
-4.545631835172215807e-01
-4.679392470483024757e-01
-4.723849482979490255e-01
-4.729090594432783234e-01
-4.756810780466707023e-01
-4.826075989669199595e-01
-4.890135110961881248e-01
-4.875531585020240199e-01
-4.747717932223331494e-01
-4.545154105636750042e-01
-4.353103347971245540e-01
-4.240495058473667256e-01
-4.212283928397322352e-01
-4.213490133275425986e-01
-4.177049119411404554e-01
-4.069324163504008940e-01
-3.899362325921261196e-01
-3.702810095284299052e-01
-3.509592331985380009e-01
-3.316998457643799414e-01
-3.107978846174981880e-01
-2.887757775139703220e-01
-2.679600486638841206e-01
-2.495730266840033851e-01
-2.333556368842766016e-01
-2.190475820763732873e-01
-2.060551978042982346e-01
-1.928503189608919421e-01
-1.780315883417852296e-01
-1.612659366352176826e-01
-1.432727968391669104e-01
-1.253458176644610955e-01
-1.074340280168816081e-01
-8.731611779431638909e-02
-6.299265894716779557e-02
-3.584916587582202135e-02
-1.051803231249177732e-02
8.290650740643142405e-03
1.985960347347337160e-02
2.851228575380905170e-02
4.018518929389489763e-02
5.784968316691303097e-02
7.954294802511940876e-02
1.007218501094785529e-01
1.182464993822871097e-01
1.322193577855398650e-01
1.458175038423861480e-01
1.631437251370420616e-01
1.848356701902699184e-01
2.062174693686819882e-01
2.204433797350218160e-01
2.230657203062538785e-01
2.154874003661860493e-01
2.055807321541265609e-01
2.025990526129562708e-01
2.093692772646911782e-01
2.193087968611148464e-01
2.221390510342535762e-01
2.132242785194611578e-01
1.968649478139601339e-01
1.812487213814784615e-01
1.714461963944682310e-01
1.665363588326021771e-01
1.609608440032571086e-01
1.483148095006959766e-01
1.254909220259245173e-01
9.577178584950379880e-02
6.778831573155552626e-02
5.037488593665038344e-02
4.703781312480905669e-02
5.336257817383677909e-02
5.991439137859737307e-02
5.892900960847007735e-02
4.966071415832374464e-02
3.864059713310222938e-02
3.455202597021371502e-02
3.938580179371984485e-02
4.540676030102183680e-02
4.206588639592077211e-02
2.431533220308362483e-02
-4.334621310849054270e-03
-3.420680001990717561e-02
-5.584167634788257673e-02
-6.592187065794090362e-02
-6.897139382912245709e-02
-7.281665747885943119e-02
-8.159199199106703659e-02
-9.217299929563006755e-02
-9.758809055248490738e-02
-9.388135380615707237e-02
-8.426479482037800561e-02
-7.771778605366187753e-02
-8.310788465986951312e-02
-1.022347279589971153e-01
-1.280531577370842000e-01
-1.502938607790902381e-01
-1.623653860556146522e-01
-1.642368868384398994e-01
-1.605135184880537025e-01
-1.561351958758757930e-01
-1.530372554392483431e-01
-1.501164624278285842e-01
-1.452575046721684415e-01
-1.370757336545550542e-01
-1.262522050351195524e-01
-1.139788144209598758e-01
-9.938428743398294851e-02
-7.970300009909445094e-02
-5.300013229759147765e-02
-2.115627956468337997e-02
9.866326310236855218e-03
3.408839066105822518e-02
4.984562706564626966e-02
6.053751393095142125e-02
7.152507176625327867e-02
8.807949230137605834e-02
1.128937577018828131e-01
1.421854943302264807e-01
1.659038112671167020e-01
1.749984575999065650e-01
1.686341865029613307e-01
1.547214212821642065e-01
1.437363969791045082e-01
1.399977843804224853e-01
1.387330001266516288e-01
1.317952047476258493e-01
1.160160565827760282e-01
9.670926107974921193e-02
8.394272219692767989e-02
8.514136676732324271e-02
9.917623829458746543e-02
1.176039967097284727e-01
1.301079071503811191e-01
1.299712097851625781e-01
1.184309292743776082e-01
1.042254178395019548e-01
9.724879171665182231e-02
1.014398219010509972e-01
1.125287226246781402e-01
1.215838483757406274e-01
1.217824854912561428e-01
1.138716654012468382e-01
1.057087038175945071e-01
1.054829781295912455e-01
1.149130169891737913e-01
1.273729416772911294e-01
1.334492062600772522e-01
1.289324104835325446e-01
1.162657751603607126e-01
1.001372061121902080e-01
8.453837006842988833e-02
7.093046062312757805e-02
5.763623266164148717e-02
4.176396939015952769e-02
2.261578177141419788e-02
2.717162888220574311e-03
-1.434313605382946458e-02
-2.682340134880291382e-02
-3.620443056566434448e-02
-4.529843187029550244e-02
-5.469491498842721927e-02
-6.288996131372483200e-02
-6.940288044220166430e-02
-7.641849923946318623e-02
-8.659469823049789627e-02
-1.001748719911570717e-01
-1.137502994393372463e-01
-1.221883226254822236e-01
-1.225734860897632894e-01
-1.164921075878039558e-01
-1.080466583399088965e-01
-1.006598006823499480e-01
-9.483235437946338497e-02
-8.884345647355049169e-02
-7.948839160625668920e-02
-6.275790389178177719e-02
-3.863096509691595071e-02
-1.498360405711998515e-02
-2.537167038178319775e-03
-5.164735718266370151e-03
-1.639674414646718342e-02
-2.599424924373593820e-02
-2.876872651049119586e-02
-2.741852875401589937e-02
-2.946569594766823910e-02
-4.118337038470599315e-02
-6.131773228777366580e-02
-8.045027530164514107e-02
-8.920372979299893978e-02
-8.676416018149767095e-02
-8.093075891546182288e-02
-8.130711374981110240e-02
-9.055026075761733739e-02
-1.022559783230439362e-01
-1.068462721523002895e-01
-9.981541028636677082e-02
-8.528093218783651397e-02
-7.338780010206039095e-02
-7.361029962437849739e-02
-8.741895826340423392e-02
-1.060044255134409696e-01
-1.188545098374950704e-01
-1.230492211552509513e-01
-1.228675780397019968e-01
-1.245102987561511887e-01
-1.312555066665340719e-01
-1.411505088642940886e-01
-1.497971877819668229e-01
-1.538341320065157170e-01
-1.514155816850490111e-01
-1.438782398631768544e-01
-1.362635515163470867e-01
-1.333877985340475858e-01
-1.354875256546130002e-01
-1.385568842358277375e-01
-1.386139435037092305e-01
-1.354059683821679794e-01
-1.318995261492561244e-01
-1.308878814413467762e-01
-1.320160736518187494e-01
-1.326284389525960172e-01
-1.318049203522859703e-01
-1.315612250277835016e-01
-1.345291086379213630e-01
-1.418989836635521085e-01
-1.531661885412216872e-01
-1.655738348567988294e-01
-1.749153039284715716e-01
-1.779236492332854636e-01
-1.747741474968090292e-01
-1.685329706578293230e-01
-1.625918390376615008e-01
-1.581683512330521457e-01
-1.527337111437430395e-01
-1.421198673310418992e-01
-1.251107787144966621e-01
-1.056153786728326466e-01
-9.038237335487042667e-02
-8.380437022135808767e-02
-8.421614988109545064e-02
-8.651244641665310764e-02
-8.745139510772298452e-02
-8.644847675714996404e-02
-8.375052761786526412e-02
-8.000183837133555131e-02
-7.683833762034483761e-02
-7.593166082909279246e-02
-7.704755736420422496e-02
-7.765821160241942467e-02
-7.611359693094138512e-02
-7.457661810443204364e-02
-7.678266261900375256e-02
-8.317479659644702594e-02
-9.148719591131440620e-02
-9.865490210139181426e-02
-1.017664206267294702e-01
-9.884020014714639535e-02
-9.004745395258831331e-02
-8.033505449771580209e-02
-7.838859725819100066e-02
-8.912963794381709159e-02
-1.079251892321052703e-01
-1.240893235838265024e-01
-1.297713649026039917e-01
-1.252511418695796686e-01
-1.174687375627750940e-01
-1.142459891218339380e-01
-1.175633261786513672e-01
-1.213040474900521776e-01
-1.167911613714250063e-01
-1.018783009241242682e-01
-8.416250547073159116e-02
-7.383572441249409979e-02
-7.387256141653346375e-02
-7.822120358478165669e-02
-7.730260300868846413e-02
-6.448151111720186457e-02
-4.059308638640728856e-02
-1.386687795072638098e-02
5.097367346007752181e-03
1.132134575357342243e-02
9.257239079043886459e-03
8.217992492384026265e-03
1.278375278269889420e-02
1.804840147701758726e-02
1.621579619017956414e-02
6.323661995885187202e-03
-4.170922004011698610e-03
-5.172365574047248921e-03
7.920897848478873626e-03
3.096139793719988181e-02
5.557378813533480483e-02
7.540351864351646505e-02
8.907525052774165064e-02
9.869420224533213826e-02
1.065857273047493003e-01
1.158665000352462338e-01
1.286713761124290978e-01
1.420423827839960018e-01
1.487505776478953712e-01
1.452867425680718361e-01
1.384359756267939667e-01
1.403145501485526525e-01
1.573614048328404458e-01
1.862835374549754452e-01
2.176889319229623476e-01
2.428904537232925709e-01
2.602552544932885681e-01
2.749075220748383175e-01
2.924760976609764862e-01
3.135895413826800260e-01
3.339271701230365208e-01
3.480228984292384475e-01
3.535561966850614413e-01
3.526234067687863405e-01
3.503398809691984916e-01
3.526268174929615973e-01
3.631306228486937404e-01
3.786485194247311004e-01
3.901768918765978755e-01
3.894283047072854553e-01
3.756250850825718635e-01
3.554574943441971002e-01
3.378786067168043639e-01
3.273655060857766363e-01
3.216452708472741784e-01
3.147714224686183337e-01
3.017863098149536349e-01
2.823315164487134044e-01
2.614120180277220151e-01
2.467809115917783125e-01
2.442690763325439107e-01
2.532814296551135769e-01
2.657961833140911057e-01
2.723594500410931873e-01
2.720744713299117490e-01
2.717084661392440981e-01
2.742394457290554532e-01
2.752923637412141855e-01
2.691694341626108544e-01
2.528592376040904588e-01
2.270182515326084616e-01
1.954737775322503146e-01
1.638041797398144261e-01
1.370946962405094338e-01
1.166597681023502642e-01
9.884776970881768710e-02
7.871521244331211586e-02
5.406675668618708686e-02
2.419854407639674201e-02
-1.211576010761300157e-02
-5.497293050218652471e-02
-1.045476432332114042e-01
-1.644242579663590664e-01
-2.375381095695595912e-01
-3.178725598132635666e-01
-3.922993295695829108e-01
-4.529772615571170391e-01
-5.031829186470415660e-01
-5.490641221540869532e-01
-5.888845102656433683e-01
-6.159305648470315697e-01
-6.287239415942109666e-01
-6.331716693663954620e-01
-6.375260160732910686e-01
-6.482653008625715030e-01
-6.694214978785995029e-01
-6.991105805517277005e-01
-7.266752561183662529e-01
-7.407652436256998429e-01
-7.412966259082278686e-01
-7.372525201119216609e-01
-7.360533152711935534e-01
-7.364213474578011898e-01
-7.310192844517684474e-01
-7.160259313427266292e-01
-6.975252204139958945e-01
-6.867625405267888672e-01
-6.915688356412905691e-01
-7.109627899281933949e-01
-7.362198878568039229e-01
-7.597199083963374067e-01
-7.824145323329363411e-01
-8.092176496820387976e-01
-8.406069593760038261e-01
-8.705303675797652074e-01
-8.906931514395474148e-01
-8.962403131595187977e-01
-8.878649661188924291e-01
-8.708127009643151784e-01
-8.517279035473001025e-01
-8.344064316675472437e-01
-8.170130196101648146e-01
-7.927406863757403555e-01
-7.559925036048672498e-01
-7.080529883712973760e-01
-6.569104945123476202e-01
-6.108745657329034406e-01
-5.712749452839537279e-01
-5.301688630328390550e-01
-4.757647734950248841e-01
-4.039245359850075490e-01
-3.233938866479295626e-01
-2.477918031132559096e-01
-1.832542269487826003e-01
-1.243928550678016498e-01
-6.447809903914208940e-02
-4.869778525734663223e-03
4.388889721744445443e-02
7.023348510295968072e-02
7.138622134658277607e-02
5.471214143132332314e-02
3.254365110164475494e-02
1.613273732306697364e-02
1.287175315293540012e-02
2.095034850318995556e-02
3.062962926515682208e-02
3.250937857881134457e-02
2.285683284259620515e-02
8.684584806886923997e-03
2.160346046260325052e-03
9.487600862654798836e-03
2.733264595730107438e-02
4.498738971039156764e-02
5.318884401639657061e-02
5.132352004874016910e-02
4.989671421479152658e-02
6.564101300244953863e-02
1.079103032981982568e-01
1.714982558223125397e-01
2.411937244512328271e-01
3.026698112769126703e-01
3.472255777402153964e-01
3.742920188274837523e-01
3.884008163315009754e-01
3.963841748001867282e-01
4.031235323957290118e-01
4.081757282258939856e-01
4.083484059861350324e-01
4.019166236400664172e-01
3.895577772399456684e-01
3.727919229604145790e-01
3.541814396716030378e-01
3.373775075252662958e-01
3.245308422856942321e-01
3.107896095050246554e-01
2.842128460665229173e-01
2.408737303226750615e-01
1.861766763742386810e-01
1.276636767534380656e-01
6.962502135887446708e-02
1.661523196138223538e-02
-2.773780747792787063e-02
-6.042915452323335823e-02
-7.864284998655404757e-02
-8.403381522227204581e-02
-8.117736139948082685e-02
-7.066670824523574312e-02
-5.209911386450584436e-02
-2.466297080622929100e-02
8.537129890614843231e-03
4.315344568360721805e-02
7.742166490442020654e-02
1.155391172166288921e-01
1.585523332232944282e-01
1.979684975084066434e-01
2.241445004480801251e-01
2.413086628017278856e-01
2.660437889809757483e-01
3.053325011898953001e-01
3.413625899253242557e-01
3.508773417711624765e-01
3.334254786416038230e-01
3.026546192661261903e-01
2.683624977082660901e-01
2.387681970411118515e-01
2.147759008266274805e-01
1.897165830585196278e-01
1.559239700163815856e-01
1.042677612602863624e-01
4.007621589775665211e-02
-8.906501326848535044e-03
-2.083400057067264638e-02
-9.372401918732540388e-03
3.310283643526475833e-03
-2.861631858468262054e-14
