5.887209641670351212e-01
3.065907205726549067e-01
3.265253938977193404e-01
3.884098348104117471e-01
4.678244863116804986e-01
3.789657607254868776e-01
3.711265926147602756e-01
2.675365887098433704e-01
4.199320368322861374e-01
3.935489078500935545e-01
4.002351449910865333e-01
3.099470618575869696e-01
3.674938615181282398e-01
3.028350187941407645e-01
4.850129010138591323e-01
4.320361257087650397e-01
4.644082550125211983e-01
3.193127533313619426e-01
3.822291360465682186e-01
3.271600777472969401e-01
3.304655829428029268e-01
4.458522005998862281e-01
4.348755220551791534e-01
3.923757404986596420e-01
3.149731139696310689e-01
3.108465102760778476e-01
2.882509105657342086e-01
3.856095661066035185e-01
4.123553846404063306e-01
3.640107991359274320e-01
