3.331243587081406665e-01
3.200409627476770713e-01
3.129585863176084781e-01
3.161941497245714383e-01
3.132004389482406226e-01
3.089793082428812787e-01
3.126430148302983270e-01
3.127161077936864153e-01
3.025478315177834721e-01
2.929413901368263518e-01
2.948278390038532315e-01
3.056492298235238270e-01
3.173268108294338141e-01
3.179072507748207932e-01
3.179509478958548185e-01
3.299543724747291407e-01
3.472099666547176500e-01
3.558745634634149502e-01
3.529466419280081202e-01
3.479542163522281184e-01
3.411001136392787791e-01
3.356311591411176853e-01
3.392485184576209956e-01
3.459339325975859802e-01
3.509016178563095778e-01
3.550383892161949606e-01
3.573357375010878245e-01
3.585431290954136374e-01
3.608816169104483995e-01
3.601444741041143760e-01
3.603424725018031793e-01
3.627987089871447246e-01
3.656339229056979612e-01
3.633479988355130530e-01
3.564163545386256904e-01
3.483416469226644496e-01
3.423485019125858675e-01
3.404904192981894617e-01
3.418910981530912663e-01
3.477177931351198570e-01
3.635300026842071541e-01
3.804074859761388261e-01
3.837107331877919192e-01
3.691268181389771308e-01
3.561924667658876720e-01
3.635304487143054541e-01
3.767099099224827108e-01
3.766573806317119466e-01
3.659149932872715061e-01
3.578116101394390736e-01
3.540753827101534301e-01
3.484113677654753771e-01
3.434410320573411113e-01
3.451333469759566563e-01
3.529546332547163212e-01
3.587325983134186935e-01
3.579194187420430273e-01
3.564492605150495486e-01
3.570797076626731625e-01
3.608602389890110396e-01
3.687295282438316502e-01
3.793842870962674252e-01
3.908604854464728939e-01
3.924339766424989606e-01
3.818399022797391296e-01
3.683050035584701232e-01
3.672155588061991049e-01
3.768515737356545325e-01
3.902914577902431015e-01
3.973110067674285872e-01
3.934988205422498275e-01
3.860461030638800972e-01
3.871334549615314535e-01
4.006734204498955121e-01
4.168715527118646569e-01
4.241319286617923900e-01
4.240559139894273244e-01
4.124837860986801386e-01
3.962439825586998032e-01
3.855187234623639880e-01
3.874663676146096192e-01
4.007748174856659573e-01
4.260372369803089310e-01
4.581617669384986935e-01
4.816809994266991746e-01
4.845250746273913056e-01
4.701249315878768820e-01
4.579939784463094576e-01
4.574853113542523553e-01
4.685637575366010110e-01
4.893455373838934142e-01
5.057889068260699172e-01
4.979468094796152822e-01
4.779536563805483196e-01
4.617566868568298011e-01
4.572074237699053634e-01
4.721384324284185752e-01
4.988578619619745136e-01
5.152413872788509375e-01
5.171970114125604701e-01
5.080195278195778208e-01
4.918936626498000009e-01
4.766386727138324786e-01
4.757995304312389595e-01
4.845913258551750591e-01
4.903971775407833245e-01
4.816567350714067164e-01
4.571899305904917887e-01
4.274944400330039640e-01
4.107783273997131501e-01
4.151384661209124305e-01
4.356491402252665179e-01
4.612325425506848542e-01
4.742340268792050728e-01
4.607288856918160258e-01
4.328256061550734279e-01
4.059624976471738478e-01
3.871652480884796299e-01
3.854830081338333492e-01
4.023878416215438403e-01
4.203825002683224676e-01
4.228200588791524717e-01
4.077439627564987124e-01
3.884394284358675398e-01
3.769357068684784373e-01
3.775426102893411073e-01
3.815414253121756638e-01
3.799893522268932844e-01
3.744341676735686297e-01
3.650392014686628661e-01
3.556132791902221202e-01
3.505934231781092092e-01
3.490918357998042953e-01
3.475671511262833913e-01
3.417608204241386338e-01
3.324256413688143064e-01
3.282795843668234181e-01
3.298330079868622144e-01
3.397133294728920117e-01
3.523989922819337206e-01
3.564591143092279979e-01
3.509456278926958439e-01
3.484147977731083534e-01
3.540862140941014591e-01
3.631498541021250248e-01
3.684375872215998049e-01
3.677311903653425751e-01
3.614199430048232187e-01
3.520385978583724929e-01
3.451933771701257703e-01
3.483508068964500937e-01
3.660883270009803736e-01
3.846609590846336579e-01
3.845210329106271696e-01
3.671646207865962297e-01
3.461958710807810924e-01
3.290361335437451684e-01
3.199926400590006881e-01
3.264807834681257015e-01
3.399813713058316145e-01
3.484553021412955531e-01
3.490454705140007552e-01
3.402251045806168883e-01
3.239580860703498710e-01
3.086069774414124667e-01
3.049891628070737215e-01
3.085374586499393113e-01
3.160142065775227715e-01
3.277449341639036562e-01
3.356481668244766792e-01
3.346478443102908762e-01
3.270831970748467876e-01
3.217371922755054015e-01
3.322150630429631657e-01
3.536323111007014797e-01
3.646157002461142271e-01
3.627956612132380854e-01
3.557310789408941187e-01
3.450763943756820495e-01
3.360159704312753459e-01
3.343889288016499983e-01
3.349977937411282580e-01
3.295746128247487583e-01
3.178662680799111406e-01
3.087911090653095991e-01
3.117119226189138947e-01
3.285219308613389622e-01
3.462293517867353621e-01
3.490715662544799924e-01
3.422072632928703784e-01
3.368277999574666448e-01
3.335239402369041262e-01
3.364884248708789882e-01
3.471102320860556811e-01
3.613192093236273217e-01
3.745879212592679863e-01
3.853253444180875231e-01
3.962650795006811277e-01
3.998668242016346075e-01
3.868170352188977645e-01
3.676399453632454017e-01
3.491492815670024785e-01
3.343361060266643592e-01
3.307637321870499636e-01
3.360792398081607901e-01
3.402073022746663344e-01
3.327839433680671588e-01
3.139866843816240261e-01
3.011221443124839081e-01
3.014108370557592731e-01
3.040230502164463777e-01
3.022014237371350998e-01
3.015577018981572266e-01
3.007839208309665557e-01
2.999494801509965392e-01
3.000345080518380669e-01
3.036237679473022810e-01
3.050109459204221607e-01
3.028806764193389123e-01
2.985289685758810152e-01
2.971712411560756828e-01
3.065533900277233603e-01
3.199879663555058040e-01
3.298709040910353663e-01
3.319216401211009804e-01
3.258735247025753567e-01
3.159590132094033388e-01
3.114881325640974641e-01
3.142570131198120231e-01
3.190178530127826817e-01
3.208862666849827683e-01
3.156419135303797918e-01
3.034924300570105982e-01
2.871013377600778460e-01
2.756696865029861221e-01
2.769115901553179104e-01
2.919404138519486880e-01
3.087056984083744737e-01
3.153758428892876053e-01
3.138537675538397576e-01
3.051462348638419586e-01
2.962735113148149413e-01
2.918620266069219538e-01
2.942484069694611959e-01
3.001697110987596728e-01
3.014143964386019614e-01
3.008491471345249857e-01
3.058229217158286439e-01
3.179208665872609307e-01
3.298216078376811633e-01
3.371062850027618518e-01
3.460231751848911741e-01
3.639723769201009262e-01
3.823558070518293106e-01
3.894569576571803582e-01
3.859996025231042793e-01
3.805574910749741080e-01
3.751692082497927183e-01
3.714942879217736915e-01
3.705822309678779014e-01
3.714824012039921186e-01
3.681824369651158779e-01
3.624909250095587621e-01
3.590953555248648787e-01
3.571645596348371754e-01
3.567262919254479137e-01
3.629618213090153866e-01
3.733445919477366703e-01
3.790621568228723648e-01
3.724037768738046594e-01
3.592626188335597548e-01
3.528571418522443714e-01
3.528764414364831126e-01
3.522092844421663149e-01
3.520032607966059879e-01
3.542597082609428294e-01
3.523637518519807110e-01
3.496790062120054832e-01
3.519417783481738060e-01
3.589476336870523476e-01
3.654293785651110960e-01
3.712509173923405070e-01
3.801589780954391928e-01
3.858017986676171018e-01
3.808288287212037160e-01
3.660740495745671286e-01
3.544302957387875930e-01
3.540626536463951091e-01
3.531068794824226975e-01
3.466850897395357678e-01
3.378241443099886387e-01
3.327282721958093048e-01
3.335797093473921171e-01
3.359245425381255923e-01
3.356655566697581139e-01
3.390314275982808656e-01
3.430396156226238613e-01
3.400320363353412367e-01
3.305510657139663633e-01
3.194676568052868815e-01
3.116050954354079305e-01
3.045437870149664272e-01
3.034843949360960247e-01
3.098512790537475414e-01
3.179918271720303946e-01
3.250098163309129151e-01
3.303198815226873197e-01
3.392347771302889892e-01
3.519808986818817598e-01
3.549643507111026608e-01
3.470077156923406236e-01
3.397544986928217603e-01
3.381420786322567595e-01
3.336121192693859427e-01
3.272701631946450807e-01
3.279763126772235471e-01
3.365981163886503924e-01
3.397871899356277869e-01
3.329926667856041300e-01
3.273657912081052723e-01
3.311167438503775928e-01
3.445905837825445905e-01
3.609409983314644244e-01
3.674322417135194030e-01
3.597879758977899356e-01
3.501693467410287308e-01
3.500463676808666658e-01
3.578372202029361238e-01
3.716262836464167552e-01
3.807744651630850519e-01
3.781172188985236216e-01
3.687835877391527628e-01
3.630244446184558993e-01
3.682615020350479829e-01
3.839146279968973507e-01
3.990267770026523775e-01
4.021517380585510337e-01
3.891735277278053906e-01
3.739487110036026074e-01
3.660101650356032410e-01
3.646263928553399314e-01
3.626979128365210303e-01
3.559435983881691357e-01
3.467102694250160932e-01
3.425217928120453115e-01
3.439329607288394430e-01
3.442176822421502691e-01
3.413076531181652995e-01
3.397784854024156198e-01
3.437038008618960028e-01
3.478329345319967070e-01
3.498433421769999718e-01
3.521529005562530346e-01
3.544611132116845531e-01
3.559362819542526424e-01
3.588947463592428999e-01
3.653667294670361887e-01
3.685961219425323843e-01
3.613991274678201027e-01
3.519856941945526674e-01
3.474498948255909658e-01
3.449950579226682690e-01
3.451887786261036983e-01
3.503343957522248586e-01
3.603575882143497111e-01
3.646664797992107965e-01
3.592499854456376318e-01
3.542195834719015224e-01
3.484771767286688471e-01
3.384490495014552125e-01
3.324130373984468534e-01
3.308037212159563034e-01
3.283821534204527381e-01
3.286152089517970221e-01
3.317639715174630077e-01
3.298936381657044947e-01
3.185066779843147566e-01
3.035161359877815990e-01
2.930591214573440295e-01
2.879947811623289056e-01
2.861732085469181341e-01
2.855341382540588224e-01
2.802090185008900836e-01
2.704139553941327101e-01
2.692669348618231817e-01
2.811032523573198660e-01
2.958272060134146675e-01
3.100372149008844835e-01
3.294353727050795544e-01
3.464318316033867529e-01
3.490567331750573654e-01
3.367243104717861368e-01
3.168973080143076548e-01
2.984392565315048262e-01
2.882366950536988104e-01
2.849845317248159704e-01
2.917705947643823294e-01
3.035437054206734930e-01
3.102467853797628017e-01
3.042244536799698640e-01
2.934879129435381540e-01
2.915711270943425748e-01
3.016169426904784512e-01
3.154516454272062176e-01
3.295016987097942329e-01
3.324411059133256519e-01
3.240953202545564515e-01
3.233061356716133150e-01
3.339998501976040313e-01
3.509425218455859419e-01
3.665919541481437727e-01
3.673267813421095540e-01
3.605454506280246774e-01
3.608581118643448549e-01
3.592836167349050536e-01
3.583010599585720879e-01
3.694367831806760760e-01
3.860439399372906366e-01
3.967201185541433528e-01
3.984058810743720258e-01
3.941947154654398267e-01
3.932858499373700911e-01
4.040434957834647678e-01
4.230564644382612260e-01
4.375123449431481126e-01
4.450726242287904033e-01
4.457723607301175561e-01
4.421788592046551614e-01
4.401096246180805083e-01
4.441412537977397212e-01
4.442249900303371080e-01
4.304171689595580608e-01
4.139064612905105633e-01
4.049415992037051493e-01
4.010770730951068175e-01
3.987936936321924697e-01
3.958594274411411651e-01
3.924633594414136395e-01
3.887048517175224482e-01
3.810152919229469748e-01
3.720224299202463114e-01
3.697041603070589932e-01
3.718511107671231830e-01
3.726447826968498633e-01
3.770470253417489426e-01
3.741654304718410318e-01
3.644400610825040410e-01
3.684296992203563992e-01
3.813624434917264883e-01
3.880981227114396193e-01
3.807090812062295937e-01
3.639213529599951147e-01
3.471512220011142569e-01
3.363266918771621317e-01
3.296451452373453939e-01
3.320149919751660406e-01
3.434121542827928697e-01
3.551477553043997371e-01
3.518086340482700081e-01
3.373153184112413494e-01
3.285356283644023656e-01
3.313256162088622503e-01
3.444531494093416857e-01
3.590036550445483421e-01
3.658140845055838364e-01
3.658231647973112510e-01
3.691564580741838464e-01
3.771994432891170868e-01
3.816749469736895883e-01
3.817872562315000606e-01
3.846348291732991087e-01
3.897412266023949079e-01
3.919058782887315795e-01
3.852605066707574522e-01
3.798540061658156608e-01
3.784258267369667861e-01
3.742636715339650588e-01
3.729119955452128155e-01
3.776227735873369240e-01
3.827925916194523381e-01
3.901910049050574258e-01
3.995838695414478670e-01
4.017506249845718691e-01
3.991060725276893706e-01
4.010880524998227670e-01
4.080888629915853660e-01
4.066227781032540900e-01
3.997490664752192391e-01
3.878917039442765780e-01
3.761556153918115264e-01
3.662486672511716113e-01
3.595263621472181148e-01
3.615314439875979002e-01
3.704582378766995143e-01
3.840458598508653121e-01
3.948824169426558561e-01
3.948538232585214192e-01
3.811835497730766686e-01
3.588624682425259893e-01
3.447059353663627368e-01
3.478817224982287404e-01
3.630071361004491570e-01
3.788083270513178946e-01
3.887219812366978222e-01
3.887296149348247187e-01
3.812754170549891297e-01
3.724898818794739053e-01
3.698992978916859631e-01
3.792949206630596426e-01
3.949770848872034557e-01
4.126362234177671229e-01
4.277608749973502711e-01
4.369025589984008584e-01
4.440896444764868556e-01
4.537196211268654800e-01
4.606211213407840344e-01
4.576037523541042762e-01
4.388073122024482298e-01
4.159333070308736668e-01
3.976909122103610694e-01
3.910194470990633886e-01
3.959756537726855097e-01
3.967396794417142880e-01
3.894429502848283375e-01
3.830548436605107354e-01
3.738772652933096130e-01
3.639709317812612754e-01
3.665396735677794449e-01
3.803606926670065613e-01
3.898401537668206296e-01
3.918715383215237158e-01
3.869730904199864541e-01
3.764917317349684711e-01
3.672313711114932877e-01
3.709311638290525570e-01
3.908163756170103809e-01
4.176037598036631548e-01
4.322047810757146391e-01
4.242317674917791548e-01
4.017329013341097155e-01
3.807463425150265923e-01
3.643714973559190606e-01
3.597566758981042834e-01
3.706798395588042916e-01
3.841528135951439715e-01
3.854078083199134475e-01
3.758819378966462010e-01
3.611367577789541539e-01
3.508853418107107380e-01
3.538158694224910472e-01
3.679525405838906527e-01
3.824850059694800408e-01
3.824852453291554544e-01
3.724640804294860885e-01
3.641590893132943818e-01
3.625572998946257619e-01
3.694510047388491203e-01
3.803593418750020327e-01
3.854298757980279544e-01
3.789704084190189115e-01
3.681920031139382377e-01
3.583122747112527651e-01
3.525202551855887712e-01
3.535388105866632547e-01
3.558417601826566745e-01
3.527192972577751773e-01
3.494682730343872668e-01
3.516339765799014194e-01
3.575334015619293093e-01
3.624650563574747242e-01
3.612571797890740122e-01
3.549463755661418363e-01
3.482337253859379422e-01
3.419072536945287899e-01
3.347349444750221670e-01
3.269900812568948822e-01
3.230224520638499408e-01
3.260389096303744072e-01
3.243083559354753009e-01
3.112231391199301589e-01
2.971799093844068040e-01
2.952698947472067736e-01
2.979110554031665359e-01
3.025470567587862369e-01
3.134757721553845800e-01
3.270090034307267524e-01
3.331461342584278729e-01
3.289585071484768530e-01
3.145861645287734154e-01
3.015244782849331173e-01
2.963221494258193034e-01
2.937121557437595842e-01
2.867701317154793816e-01
2.785792786280852917e-01
2.710537337949882608e-01
2.689059430941310169e-01
2.761763877573730763e-01
2.949695782703264935e-01
3.027207547716856961e-01
2.877816484791780316e-01
2.709731428856473889e-01
2.691575967049690821e-01
2.769717448832646478e-01
2.888751502528055237e-01
2.963794450464134478e-01
2.988497975613823576e-01
3.040966379023183341e-01
3.146735198317133220e-01
3.267598614022624859e-01
3.334930943130721692e-01
3.372307388069618050e-01
3.414228271291749328e-01
3.554927469255637629e-01
3.755853443430988148e-01
3.845847759158107504e-01
3.798894300033159865e-01
3.722902657870699183e-01
3.656546215591446325e-01
3.609438218015062483e-01
3.620427948584560296e-01
3.648114146459708884e-01
3.632326151188280394e-01
3.625358482874984078e-01
3.654107990123945382e-01
3.667916341380759726e-01
3.596610873319968649e-01
3.459311124095116319e-01
3.343505296572438779e-01
3.287244723637074428e-01
3.322397972593346682e-01
3.361844718819820832e-01
3.394608391015412341e-01
3.489606212882923608e-01
3.641041298816554694e-01
3.806846017631527190e-01
3.907882626780766477e-01
3.882021963227293981e-01
3.780925061174854052e-01
3.695790251190897990e-01
3.664101522268869426e-01
3.651627698430704450e-01
3.595859009861211986e-01
3.543526289642250915e-01
3.517429281808450159e-01
3.479416549284359284e-01
3.381518129138539885e-01
3.299893332628130449e-01
3.349809772155000753e-01
3.512924887516988837e-01
3.659326406957569833e-01
3.721758211429920249e-01
3.706069586686887019e-01
3.659137119397936067e-01
3.657088416818835563e-01
3.786424080017601335e-01
3.908528891172258768e-01
3.928261793445718131e-01
3.923489506538105354e-01
3.951364399688619411e-01
3.975332511826650816e-01
3.997727035598501177e-01
4.022676437682085049e-01
4.028200086497869536e-01
4.007949582372262176e-01
4.017539921424336247e-01
4.045254059614568631e-01
4.083744663241213879e-01
4.134465533460656150e-01
4.184131243051109061e-01
4.226568826382080535e-01
4.261803120966902170e-01
4.304514954914133162e-01
4.347850556947785994e-01
4.339271796391220293e-01
4.320224130624212289e-01
4.330391088016022905e-01
4.341978952105263190e-01
4.335379024954470473e-01
4.347819617594161357e-01
4.380488969307089753e-01
4.401222943436168267e-01
4.400723129320845417e-01
4.382887433695589197e-01
4.353549422757337362e-01
4.301428364337712695e-01
4.272948456522352445e-01
4.256238172923474949e-01
4.221334368615207722e-01
4.170875258048843959e-01
4.139348707995959553e-01
4.138697742791119238e-01
4.164492210628797375e-01
4.182896061330346194e-01
4.156616700766540551e-01
4.141538389745009208e-01
4.153100816075437351e-01
4.194506221850926586e-01
4.251020166378413068e-01
4.264778092506265050e-01
4.169521226171247208e-01
3.999032397401173777e-01
3.819783574349341904e-01
3.701101774885413032e-01
3.665935841669737960e-01
3.659611878165254795e-01
3.693828166680938607e-01
3.752309542732723546e-01
3.753504320129081306e-01
3.684630217032318078e-01
3.559816471835025031e-01
3.429967623120973030e-01
3.363913515806694621e-01
3.362659643355391803e-01
3.362950892897657029e-01
3.339650161207604051e-01
3.322088556568455475e-01
3.284424575218790610e-01
3.188987325477704027e-01
3.088698413986508129e-01
3.048087657804718353e-01
3.087674933474636174e-01
3.162336628129806537e-01
3.255374184226900725e-01
3.336419781319225897e-01
3.360303193860639803e-01
3.303910226077023671e-01
3.216010547575746115e-01
3.156723180648306482e-01
3.161448006532408539e-01
3.223923544766187921e-01
3.339920449894029364e-01
3.474726255695159693e-01
3.542026883886882360e-01
3.572014182790954617e-01
3.589091805665219348e-01
3.569415549936184040e-01
3.512290084782697108e-01
3.540129252182314112e-01
3.635919297169260544e-01
3.686898874159806883e-01
3.652346997252538530e-01
3.607946376458828763e-01
3.640141822069202782e-01
3.712292294321862252e-01
3.732878630977065071e-01
3.682083173570090961e-01
3.654049003663212281e-01
3.701670473610145229e-01
3.755687541794821005e-01
3.830520584108403348e-01
3.914880485459352188e-01
4.002022000480111585e-01
4.068467704962748788e-01
4.088370399586467863e-01
4.041403534837066935e-01
4.011919524358383837e-01
4.032529353019184137e-01
4.085236368546202868e-01
4.123952019992038198e-01
4.137740779645153744e-01
4.164725941768614992e-01
4.149619139688641711e-01
4.123305130191977086e-01
4.061544408323677913e-01
3.981537252007745220e-01
3.946907934949376862e-01
3.907640409739760456e-01
3.926956601920832957e-01
4.071785252787256115e-01
4.278667105818144134e-01
4.380400808132439150e-01
4.337547368096142941e-01
4.271496831808875294e-01
4.236064084634585947e-01
4.163846392359707993e-01
4.124121452497059304e-01
4.142844203993481522e-01
4.167531638576067454e-01
4.106881164791486571e-01
3.971140625788646683e-01
3.863561931156941354e-01
3.817570599325930125e-01
3.797948776773147350e-01
3.808605845471360607e-01
3.820378972597884837e-01
3.916102770695424340e-01
4.108005065112687038e-01
4.201870091407829411e-01
4.114451598089242101e-01
3.929141231673062840e-01
3.778260332063778093e-01
3.724267964568163114e-01
3.747080006220758208e-01
3.804524418633747906e-01
3.885535779767699816e-01
3.930079388361018555e-01
3.908118445788241746e-01
3.837507571922448291e-01
3.765302554616709596e-01
3.744081179375077784e-01
3.774260117862677788e-01
3.759688164701374680e-01
3.751004719346570648e-01
3.720854312075031478e-01
3.678454032613787672e-01
3.714113813170817902e-01
3.831919946872424654e-01
3.942323684802921946e-01
3.951401570992016388e-01
3.854321399645901924e-01
3.739175731245765744e-01
3.698047206562790623e-01
3.735769395033343709e-01
3.812943203790195579e-01
3.882874494837769697e-01
3.905205406448782890e-01
3.888496768303127404e-01
3.866508694475958574e-01
3.832995448867023147e-01
3.742259467368185266e-01
3.641934617707432431e-01
3.676213360590927515e-01
3.815729157145227313e-01
3.893811669447798107e-01
3.846175151282621996e-01
3.761691159171412502e-01
3.685963938575727572e-01
3.610484623306206564e-01
3.550115235928479329e-01
3.555992616649456539e-01
3.589930588954461377e-01
3.549341114811637721e-01
3.453119212856747278e-01
3.428206501116977667e-01
3.465725977689451676e-01
3.444273333068888499e-01
3.387180726250178520e-01
3.412463975078357525e-01
3.479685901958898819e-01
3.558266637697184431e-01
3.633481607973561012e-01
3.666939947569004543e-01
3.620208017392463895e-01
3.581103751684865388e-01
3.603410382677439405e-01
3.641904693190587405e-01
3.655972644749457268e-01
3.684182781027396936e-01
3.734843041878113112e-01
3.719404714119231570e-01
3.634852130783581270e-01
3.550896786776049918e-01
3.548752174781052982e-01
3.588902594615602792e-01
3.599359319327112838e-01
3.568579622003492102e-01
3.582915686078854689e-01
3.650515944500940524e-01
3.714630705623325202e-01
3.724841598912779217e-01
3.643984952987556203e-01
3.550433273363897135e-01
3.555461270552929820e-01
3.651644299348819622e-01
3.692939717105551134e-01
3.669329834390872569e-01
3.633495035088971647e-01
3.586025215217766293e-01
3.499483078296519167e-01
3.383144542150819389e-01
3.357009544368715903e-01
3.411408462515346796e-01
3.486862513153282661e-01
3.516221748633711619e-01
3.468861690928345953e-01
3.496118178750305394e-01
3.713542794459449015e-01
3.878868497849698449e-01
3.817976034284839004e-01
3.673842841232228262e-01
3.620731301859173024e-01
3.597565712752370248e-01
3.581095583365970225e-01
3.581785566094670692e-01
3.561036422500443721e-01
3.535471358039965484e-01
3.509032063596518314e-01
3.431563973847418514e-01
3.402933678219030034e-01
3.447941231050289934e-01
3.431589088194699766e-01
3.312992910562513882e-01
3.148718073573611997e-01
3.001770762144583826e-01
2.907943369713814619e-01
2.897761207780906179e-01
3.043028632260104671e-01
3.218030981935430801e-01
3.280414874122409841e-01
3.222529643308345570e-01
3.172916103578481417e-01
3.174141636407729061e-01
3.174508300340853073e-01
3.237233507922999132e-01
3.364750993480227770e-01
3.476569766729531996e-01
3.542351879588717667e-01
3.533640401937651054e-01
3.492239344701766335e-01
3.541777064819690568e-01
3.667545360956971923e-01
3.828167436001287394e-01
3.931348804954620246e-01
3.931414504166834689e-01
3.804771383506068139e-01
3.619043504863719840e-01
3.454584099088731097e-01
3.370713595735201351e-01
3.350550413205388156e-01
3.399462366335903041e-01
3.553130525164503450e-01
3.669544052106507581e-01
3.554867618827196596e-01
3.317851759687550639e-01
3.150515656143602072e-01
3.056334703651111262e-01
3.061383278207441827e-01
3.164306597251290709e-01
3.271672267099138831e-01
3.285312760322665060e-01
3.214033609866248087e-01
3.183113422481205212e-01
3.190527261174930240e-01
3.247906561374317991e-01
3.322100190823645827e-01
3.390497851105485627e-01
3.508210843202171914e-01
3.616680371325348697e-01
3.582848583723481362e-01
3.543717711986827945e-01
3.593699342331516666e-01
3.616127053413897841e-01
3.527508495949002731e-01
3.410871442363606620e-01
3.393483505493493646e-01
3.506769654677332482e-01
3.631515834325322878e-01
3.726633933508605168e-01
3.815485399556748369e-01
3.855255621213430905e-01
3.829557007344299713e-01
3.785288032726849550e-01
3.709766491016800449e-01
3.614471396018465454e-01
3.577730034597608744e-01
3.629884770469955502e-01
3.655999890976628919e-01
3.611367288356326366e-01
3.493108791599642826e-01
3.355916683694741276e-01
3.256938509042039409e-01
3.219763512292197483e-01
3.244464869917847438e-01
3.274556156703353205e-01
3.290455802162135512e-01
3.326127831836972470e-01
3.409825586826687460e-01
3.470851680035907383e-01
3.456478440859204748e-01
3.426783439373687901e-01
3.442390378038845955e-01
3.491441324387566936e-01
3.516072615904071719e-01
3.505253535288412881e-01
3.484970857963961555e-01
3.490293643349362540e-01
3.501973965587698023e-01
3.447144232898274319e-01
3.342662858059164965e-01
3.302397162002848607e-01
3.401809317704431179e-01
3.626458815724170615e-01
3.856162172019670376e-01
3.948513264626715147e-01
3.764063784753952091e-01
3.487544499481080029e-01
3.353109660879119991e-01
3.342375712590358594e-01
3.397508142967087807e-01
3.542628940482373534e-01
3.671326561828516799e-01
3.647719834689038820e-01
3.482641516063677001e-01
3.340055608994703107e-01
3.335860356255662684e-01
3.391915251519364571e-01
3.437803237416367508e-01
3.493728673743587421e-01
3.575626648228445448e-01
3.682829646215418640e-01
3.751459183266237507e-01
3.723206686712949298e-01
3.654080286978479419e-01
3.627724708188395097e-01
3.627653467708690238e-01
3.657784513496377121e-01
3.707341885311619678e-01
3.759215947211104747e-01
3.781878884325787227e-01
3.757808633058439818e-01
3.703087938843988014e-01
3.610945393157685146e-01
3.566124648443169676e-01
3.610817626339551389e-01
3.589441089417253483e-01
3.422095911866849249e-01
3.236724548995841833e-01
3.147256370414248661e-01
3.135994301208711033e-01
3.207741587634579394e-01
3.308126970329463012e-01
3.318777619170398263e-01
3.218979230841182981e-01
3.135313923586681151e-01
3.127068966016001150e-01
3.138358173211760471e-01
3.165393189816128605e-01
3.217071570898610289e-01
3.257463202829465332e-01
3.219879854968152877e-01
3.119242844752723731e-01
3.065577664946855796e-01
3.106179919143387536e-01
3.235303752373822617e-01
3.402752436648201484e-01
3.439306839907146918e-01
3.308412236343331592e-01
3.110863426516258801e-01
2.957427321717510105e-01
2.976827680168646073e-01
3.171587080818754067e-01
3.425493352247773737e-01
3.551237651930844730e-01
3.494303148618468913e-01
3.366238256062621392e-01
3.319894114784730510e-01
3.327459342274351473e-01
3.348241831691350368e-01
3.390241437325874352e-01
3.413125393917975647e-01
3.421199448347566618e-01
3.396136219697897807e-01
3.333206410737442060e-01
3.308297706165274077e-01
3.396027151267145827e-01
3.471721164142165250e-01
3.491241315089043118e-01
3.433496100638442905e-01
3.316256241009347128e-01
3.180181529548759545e-01
3.086732304228108070e-01
3.031778141661776171e-01
2.962327223652871933e-01
2.953805911971992271e-01
2.982432070119075962e-01
2.971426192557434787e-01
2.942732212851960072e-01
2.978210219521094659e-01
3.115060571734830086e-01
3.249592406872848227e-01
3.346402457227752869e-01
3.443373827074620031e-01
3.541090437232214949e-01
3.622185700943448272e-01
3.649318306429757963e-01
3.661683624468048959e-01
3.680663964620781159e-01
3.746191652977967634e-01
3.873669501743451371e-01
4.074585800899360732e-01
4.251722158099376925e-01
4.312338462834126585e-01
4.200252835393703532e-01
4.026556550537574442e-01
3.858861606984994586e-01
3.747444793010493713e-01
3.767624223796179339e-01
3.900812918038352728e-01
4.094945162963334884e-01
4.313484417613013822e-01
4.433460387576134143e-01
4.415656717289267452e-01
4.294955486383542631e-01
4.142518755051053936e-01
4.001988203463103244e-01
3.901150849187841052e-01
3.865712582486343640e-01
3.810221705576077866e-01
3.752175892581955940e-01
3.749665575295094699e-01
3.788345226217080253e-01
3.743230084113232103e-01
3.658363626490034326e-01
3.592419927801438484e-01
3.570954111037221157e-01
3.634450605047896410e-01
3.769003042329721054e-01
3.878371485530571205e-01
3.938846601278528370e-01
3.893071507453831348e-01
3.735895849786322054e-01
3.570527849889386096e-01
3.499689654362014846e-01
3.573398098489876107e-01
3.736810279034156745e-01
3.882604423926516168e-01
3.922830231306529969e-01
3.850464523974240771e-01
3.718805588523527161e-01
3.617999346703749675e-01
3.563611886546603214e-01
3.554067056811960890e-01
3.596471067409213185e-01
3.598797434890052549e-01
3.597896096501276841e-01
3.632249837284847183e-01
3.648492293464165037e-01
3.560287728627497539e-01
3.456169248706540964e-01
3.462742339212134812e-01
3.537355109573786516e-01
3.560414504986810225e-01
3.534856330596942153e-01
3.526359814965465134e-01
3.515931982490014263e-01
3.523180685801660106e-01
3.562402022163970172e-01
3.637661027952983628e-01
3.696435146956214557e-01
3.677764930191270154e-01
3.601034592196922790e-01
3.561148386767399865e-01
3.579073829608783175e-01
3.633203674159176666e-01
3.685761521512221361e-01
3.694614508403867847e-01
3.592523848877884896e-01
3.411216047740283641e-01
3.265149833666990409e-01
3.251713938957506156e-01
3.358451335495878931e-01
3.566832129011865971e-01
3.768308460527629022e-01
3.756644134317954076e-01
3.550876529464613296e-01
3.368999990149177948e-01
3.318060516645199853e-01
3.365138405343126582e-01
3.459440617856727740e-01
3.549843179800447612e-01
3.569734162217945705e-01
3.519975215432036286e-01
3.485540184231895044e-01
3.512723766587492746e-01
3.610493684240333456e-01
3.745766828597189013e-01
3.841434608612270818e-01
3.820427576735914155e-01
3.744570013347461868e-01
3.659644859027188502e-01
3.660684995255863439e-01
3.779105724257392773e-01
3.985399206461676669e-01
4.201958425124144858e-01
4.356056179974122089e-01
4.336884478043649960e-01
4.157236209820018291e-01
3.969877627094407502e-01
3.876211864068896951e-01
3.818389256264369536e-01
3.774344124958273761e-01
3.737093297073041942e-01
3.652528514166213935e-01
3.573166678442122324e-01
3.530224686393522715e-01
3.453270435370399682e-01
3.349994469021573273e-01
3.303500055541969682e-01
3.237940175693956313e-01
3.161113056600813875e-01
3.143940770568566800e-01
3.174031470065691862e-01
3.247325756562712273e-01
3.385798284765001998e-01
3.564323482513367947e-01
3.716649641626283418e-01
3.811424741073401457e-01
3.845531539926919096e-01
3.807150749959780089e-01
3.686145872217909125e-01
3.564127700155398371e-01
3.495899251289701914e-01
3.468499023577549245e-01
3.523294821640199914e-01
3.624535639082042127e-01
3.637188581334730442e-01
3.543296329850288973e-01
3.432198926968186292e-01
3.402306100854550208e-01
3.441319169324861815e-01
3.511335457761887158e-01
3.573234946399698742e-01
3.544289561788632748e-01
3.395235143460632599e-01
3.218697060428307166e-01
3.153625715450725231e-01
3.236978089365035172e-01
3.364243322221867061e-01
3.382073706601502749e-01
3.213996977544798517e-01
3.025631315351703376e-01
2.959179907621402039e-01
2.998736010771477778e-01
3.111316379937221210e-01
3.192163285799348715e-01
3.172756199332249505e-01
3.113333642751945907e-01
3.073150847477744141e-01
3.037460734088459624e-01
3.015102289155214832e-01
3.023408221674470653e-01
2.985672407884840673e-01
2.901797906074804478e-01
2.836289046434539163e-01
2.838985880415129670e-01
2.940857036452785289e-01
3.153161377399377185e-01
3.408352300285014125e-01
3.633770780407468703e-01
3.785910014811917357e-01
3.814589469187413262e-01
3.682576455296384110e-01
3.542632542128650308e-01
3.435556392619427690e-01
3.326326992079806089e-01
3.182263998467350086e-01
3.065039081358901241e-01
2.970375500622653431e-01
2.897152864331869471e-01
2.860811795451859707e-01
2.895662850059965154e-01
2.978366984318222555e-01
3.067119415964223439e-01
3.150937669718945622e-01
3.198811431512177395e-01
3.207091504113255831e-01
3.206505849792283258e-01
3.192116602698971684e-01
3.148135383973854062e-01
3.124349180516190483e-01
3.208484045984385524e-01
3.309026771754093876e-01
3.389531243070657562e-01
3.455651144803191244e-01
3.491998166957177574e-01
3.529176002705802229e-01
3.553821204948318102e-01
3.539577700201694266e-01
3.523784739821692047e-01
3.507157257252411231e-01
3.469391022194809882e-01
3.427343355179801598e-01
3.433294160654911109e-01
3.514027986906705370e-01
3.650054949398383042e-01
3.813188653123837923e-01
3.912233878371662033e-01
3.904495349277097849e-01
3.803645065045014317e-01
3.710666820976337155e-01
3.703990536308374160e-01
3.794665594417817589e-01
3.917709156454456387e-01
3.942319976924604785e-01
3.784452911527885210e-01
3.509254319016428258e-01
3.322550351465154428e-01
3.299022856310374063e-01
3.366545592087125671e-01
3.362401032127218525e-01
3.207972950982990179e-01
3.095962227827133151e-01
3.314027600731448975e-01
3.586591986724697589e-01
3.569146193225670172e-01
3.397408348231885644e-01
3.277939824203838226e-01
3.226419145376994146e-01
3.132373819099251722e-01
3.040472472866692089e-01
3.019954177868836021e-01
3.026258003606270286e-01
3.044491014786974148e-01
3.106136180992626339e-01
3.224167939487491696e-01
3.320114682038490805e-01
3.338987483380358445e-01
3.354418568362618758e-01
3.433535731739168484e-01
3.546493099995254306e-01
3.615698052123469952e-01
3.640327699684210438e-01
3.645584176360883166e-01
3.634962023810014431e-01
3.585921683617920852e-01
3.537174271367213851e-01
3.529848636354292468e-01
3.542591536863969881e-01
3.512059724704170161e-01
3.450229544382655833e-01
3.397440198192504535e-01
3.405148361432501214e-01
3.446880803303488117e-01
3.480348103919657099e-01
3.432546460636409225e-01
3.326446817544355672e-01
3.187400655132107130e-01
3.082821123662036755e-01
3.079543590256768049e-01
3.246222589783507861e-01
3.479128889509669476e-01
3.620073362960146701e-01
3.663869145875394140e-01
3.689544398562108474e-01
3.712932321866764807e-01
3.756282727078030237e-01
3.771482873021621551e-01
3.695482030112383076e-01
3.601589784100427405e-01
3.558166848138519800e-01
3.605735398016557403e-01
3.746038282537529351e-01
3.890024723343595836e-01
3.960381368668439150e-01
3.958999409698899519e-01
3.954813077073899286e-01
3.923240675936376376e-01
3.829094611338287879e-01
3.753634626947955355e-01
3.707877359874898193e-01
3.698122776215337915e-01
3.756237645457960461e-01
3.864803409654578026e-01
3.881733648610456444e-01
3.770684723019996354e-01
3.642945551939761883e-01
3.614299595462532322e-01
3.667183061950356482e-01
3.780633418875632978e-01
3.965679195116366129e-01
4.158578622731750607e-01
4.205649405963440279e-01
4.092639074523831688e-01
3.939070955698416032e-01
3.815104071316003376e-01
3.758685450782059401e-01
3.762664178512116209e-01
3.782337545882572538e-01
3.815666203833933401e-01
3.825648764113955269e-01
3.790308941022483835e-01
3.762905977458893547e-01
3.766641682836778804e-01
3.762900874418641517e-01
3.648283333953816210e-01
3.512551476204975875e-01
3.477456110258062560e-01
3.527963235649470009e-01
3.592578761506665108e-01
3.582315374316902834e-01
3.475342561869478875e-01
3.372558872066868663e-01
3.364171925122027007e-01
3.406703942621859826e-01
3.444411748059464373e-01
3.530960286722801267e-01
3.679705076818864939e-01
3.797981859448606445e-01
3.892675684574433137e-01
3.976681175716270111e-01
4.004140803353364864e-01
3.950681360074506099e-01
3.908923151903540005e-01
3.960136659811206994e-01
4.124200554170235899e-01
4.399534767987827721e-01
4.716913354681268045e-01
4.807653324504297387e-01
4.691561897445052920e-01
4.539696433906628692e-01
4.469242984500148563e-01
4.495838439785427854e-01
4.569188762524773462e-01
4.602307791452420194e-01
4.573033763375546901e-01
4.485806398176717669e-01
4.405713603848113169e-01
4.277859304770021964e-01
4.167007692334335212e-01
4.062238697187774972e-01
3.910634146063549643e-01
3.736135336335739687e-01
3.580108167673202169e-01
3.485940332126363783e-01
3.411858440328451869e-01
3.366819917001681595e-01
3.379998451003852211e-01
3.444705681152130938e-01
3.548086027645060425e-01
3.641178804970814920e-01
3.693274482463592134e-01
3.697984906574753872e-01
3.713397536222914908e-01
3.826032317059893106e-01
3.977122878964349240e-01
4.022184556223913909e-01
3.967165436776405318e-01
3.896457805935519270e-01
3.820393452982109306e-01
3.727664132503570871e-01
3.712646924654244840e-01
3.778324022606672772e-01
3.880951672921926776e-01
3.927564887100955526e-01
3.876607711578865523e-01
3.775155416797262298e-01
3.738389698466241251e-01
3.796198251746231156e-01
3.915595075826896476e-01
4.001242454494467471e-01
3.948980819554626098e-01
3.814339248970572971e-01
3.810561900124613821e-01
3.922933155793923432e-01
4.048302625292175549e-01
4.166452873594843620e-01
4.262436993630576154e-01
4.275874304942053339e-01
4.184082670829652462e-01
3.963818197392123821e-01
3.716991952555916412e-01
3.543978432345051277e-01
3.485996064657479465e-01
3.531810985374798095e-01
3.587531924050282317e-01
3.588326318498578082e-01
3.519482244336999965e-01
3.456472903919766138e-01
3.455316273014708561e-01
3.509341502583974148e-01
3.562072377340975704e-01
3.570129322102083003e-01
3.516228400049394298e-01
3.466591055364357521e-01
3.492856507547763001e-01
3.551905215423007967e-01
3.576529617185127408e-01
3.532107810492761679e-01
3.337332229483916390e-01
3.104425646545879713e-01
2.973062767286218100e-01
3.002684983845861910e-01
3.115282280387653424e-01
3.233485061965560847e-01
3.281637700791467660e-01
3.241216283451038849e-01
3.194309272737676508e-01
3.162497999196208776e-01
3.140247844733254912e-01
3.146238069754695443e-01
3.176698117476676186e-01
3.273393231272718196e-01
3.373264553961521361e-01
3.404083803634049277e-01
3.387094160721192959e-01
3.367955977892941322e-01
3.344252607754322204e-01
3.295828477843091853e-01
3.195392478564747507e-01
3.077243448291880346e-01
3.018717405458095082e-01
3.070309718340313854e-01
3.133591563912340727e-01
3.150417202274814477e-01
3.157525500323652978e-01
3.163108320860935074e-01
3.185327052663075587e-01
3.228258760983555575e-01
3.263343513524774031e-01
3.295595126547826714e-01
3.297317071296687052e-01
3.281753634163382949e-01
3.333564038290367515e-01
3.454156022981503260e-01
3.536241432309585875e-01
3.577243716794660799e-01
3.569496633048392376e-01
3.496749527344226727e-01
3.433683781311191452e-01
3.426053703550788754e-01
3.406494151347061461e-01
3.375289205653875246e-01
3.411204999684371852e-01
3.475347960201657371e-01
3.490441385965851184e-01
3.444508970076370358e-01
3.415692908001589090e-01
3.424406400830640185e-01
3.422392438963277050e-01
3.392472693705033682e-01
3.339591569709146612e-01
3.290847710395987114e-01
3.331058667484503855e-01
3.416783028406935596e-01
3.447753917929113898e-01
3.405362554929305952e-01
3.370603718681461358e-01
3.357191419547349009e-01
3.347224068724015678e-01
3.340399149948291013e-01
3.317812634015619988e-01
3.269886040248883852e-01
3.223594511017385811e-01
3.158576856404773925e-01
3.087657683788285756e-01
3.070551563386353933e-01
3.119708396297695141e-01
3.220663530360975413e-01
3.375145135578407340e-01
3.516681132403063348e-01
3.587616521371174150e-01
3.589308096132549641e-01
3.537115745673207190e-01
3.428365621919093886e-01
3.326476135894483876e-01
3.304329299962087130e-01
3.408082868267108823e-01
3.576656953166427733e-01
3.686064765154522527e-01
3.732585339699833749e-01
3.753225591806599870e-01
3.662054783868103347e-01
3.480064937480192300e-01
3.336966029981369153e-01
3.279517921096136157e-01
3.294763300130331696e-01
3.361564569065869090e-01
3.425451512502749596e-01
3.440944444723660345e-01
3.415927513222473677e-01
3.386733004092247201e-01
3.403215724728941849e-01
3.410608332804418441e-01
3.331573054508253917e-01
3.222829246096559075e-01
3.186708655354127395e-01
3.223731923724016402e-01
3.252963249475526730e-01
3.194943159275783207e-01
3.086057528300135133e-01
2.980671399473358574e-01
2.946819111998910667e-01
2.973958121547406463e-01
3.011888355266929551e-01
3.030341892874962029e-01
3.007653001667177639e-01
2.992320542183537491e-01
3.025372395970395978e-01
3.106833108284206557e-01
3.160673275581142860e-01
3.168558627810198480e-01
3.182246022324249912e-01
3.209274406106382149e-01
3.245388434787153109e-01
3.284428456564010834e-01
3.449501318151159124e-01
3.741909713113033553e-01
3.941187465830438552e-01
3.921361346927679792e-01
3.844109143965711572e-01
3.780482390416339267e-01
3.720345739449670286e-01
3.699125517025106946e-01
3.762910790225857949e-01
3.887984777069464770e-01
3.978614579695480269e-01
3.956648656021200527e-01
3.903429920140126796e-01
3.860057341249585883e-01
3.842267910707794498e-01
3.774932929312656005e-01
3.684678924396671551e-01
3.609414606672690096e-01
3.605977645454950253e-01
3.679263346461322248e-01
3.769252595435277353e-01
3.807513418088229740e-01
3.836141712108969704e-01
3.899646360703213355e-01
3.942748987429428587e-01
3.911325406415095407e-01
3.847427004899162672e-01
3.846596721410677211e-01
3.876008893417312584e-01
3.859558251360045156e-01
3.788076182303670714e-01
3.682507103154334938e-01
3.562433519726106446e-01
3.471140716303254270e-01
3.445162953716458532e-01
3.447948144997336484e-01
3.441168509936686770e-01
3.396260650405194537e-01
3.341341611729553018e-01
3.314115905289118369e-01
3.294813669480813889e-01
3.208772537952803150e-01
3.162113555305611223e-01
3.230845392859985621e-01
3.367239088483069409e-01
3.477732572375663578e-01
3.578093525559570831e-01
3.695025761697139921e-01
3.776056205667339682e-01
3.690893351162005120e-01
3.546799840422144023e-01
3.507290381382442979e-01
3.463590390471130709e-01
3.447830828925425029e-01
3.567985835393487348e-01
3.734066009750180992e-01
3.805969610360435684e-01
3.741520529592755606e-01
3.614330380034659895e-01
3.477509696417374618e-01
3.426696021662715141e-01
3.474560478661932739e-01
3.603339887756126236e-01
3.783284494255812480e-01
3.888456167871220948e-01
3.852598800663275536e-01
3.745788530665954963e-01
3.617716169667352655e-01
3.459644423098900412e-01
3.334734980083012834e-01
3.308876264772597775e-01
3.341253765479850202e-01
3.282846194662676909e-01
3.183073316670974595e-01
3.203442010639068194e-01
3.299118145758872522e-01
3.341124995293730526e-01
3.293721969017466278e-01
3.190257560896471722e-01
3.107118228697576812e-01
3.030417449398801755e-01
3.008806727932712977e-01
3.079218229643608806e-01
3.167883360275000060e-01
3.207674291507879860e-01
3.243543173422885895e-01
3.299460208469054967e-01
3.344962087931924177e-01
3.395672417518954544e-01
3.453679054432562401e-01
3.496184395545490764e-01
3.566975012485544272e-01
3.645352591543627452e-01
3.703640239045130067e-01
3.716601179570225844e-01
3.688036346074082816e-01
3.660184548600503018e-01
3.700811283969279719e-01
3.792393787492991386e-01
3.909048818397728997e-01
3.975261213838436891e-01
4.011619389349383447e-01
4.034930867068370341e-01
4.060078079807025175e-01
4.126572991883425967e-01
4.186803847914916665e-01
4.224336253284858289e-01
4.299735410292615523e-01
4.404102893859689338e-01
4.454812376238806437e-01
4.359306214992268447e-01
4.190987227377780400e-01
4.113704281801436324e-01
4.140520408775029693e-01
4.260599419864762871e-01
4.511893328014063287e-01
4.763542970129863163e-01
4.748951331096751272e-01
4.516679891694288518e-01
4.313861805739354072e-01
4.140771580229414273e-01
4.046414947730096467e-01
4.036861514676570173e-01
4.086177180906255257e-01
4.167195881927919232e-01
4.252900127695131149e-01
4.294285257883288520e-01
4.255903961645979283e-01
4.207443887239326052e-01
4.305563641392116669e-01
4.496460329771257425e-01
4.689979613292916683e-01
4.773417394979828088e-01
4.644152536830951639e-01
4.363178450409043174e-01
4.109295467532978474e-01
3.973255340645398537e-01
3.967361944666247253e-01
4.044357381054132228e-01
4.067920294572663353e-01
3.988943101079632236e-01
3.855747485276933562e-01
3.777436035245628210e-01
3.783383390210444674e-01
3.834604888124087396e-01
3.853320692581141405e-01
3.816702411988234234e-01
3.728875751415442474e-01
3.633225643409149219e-01
3.582568436153011349e-01
3.554055543472517953e-01
3.512639398839606519e-01
3.462122219014878710e-01
3.390435154167869558e-01
3.236448289757037911e-01
3.041811052883746647e-01
2.916534958811106137e-01
2.989113637696502179e-01
3.182158543695700059e-01
3.308803750468223281e-01
3.285585285972992819e-01
3.175778049142882198e-01
3.059879043435949075e-01
2.996984582262229302e-01
3.039412602162203103e-01
3.158287764618188387e-01
3.202848007185535861e-01
3.127825384736667158e-01
3.069565116395199800e-01
3.042927413776138068e-01
3.001969765158548076e-01
3.001748956987864703e-01
3.071277196529268450e-01
3.202259747564559778e-01
3.342866570633588608e-01
3.481728993429775709e-01
3.629184532615167269e-01
3.754172998671867489e-01
3.843161702127263490e-01
3.898247187485165965e-01
3.874876066814566533e-01
3.809869152687199723e-01
3.690348184798519782e-01
3.590790330156193866e-01
3.531442037905260789e-01
3.508288576133730685e-01
3.477191516278014261e-01
3.389427627901111517e-01
3.293143699582087858e-01
3.278666145205323401e-01
3.314907788792211263e-01
3.357172269050388014e-01
3.399312122830858152e-01
3.412845794483817530e-01
3.418385549562550363e-01
3.493243578100535540e-01
3.606171488579798523e-01
3.678132662580680945e-01
3.690513047515104339e-01
3.686631324791922459e-01
3.698706957693702058e-01
3.740892648138280374e-01
3.807256791805996854e-01
3.888818658016035545e-01
3.963465324030286951e-01
4.027421019237692468e-01
4.066479329894724382e-01
4.082025285781450963e-01
4.074497239895559786e-01
4.068734671034627826e-01
4.064775861016035052e-01
4.099517255478862809e-01
4.155973842260662354e-01
4.135878938674769634e-01
4.037101376225897265e-01
3.916066633954025655e-01
3.845030915572817398e-01
3.865358259535712215e-01
3.898056406843086741e-01
3.927817510367294651e-01
3.973194628616665836e-01
3.946083080216007399e-01
3.851629382838564486e-01
3.763390239196288123e-01
3.690854944100282475e-01
3.686848395300917902e-01
3.684475827457680541e-01
3.655583090113120326e-01
3.613668610761968103e-01
3.631070822652847085e-01
3.741763324831171023e-01
3.809949435913878579e-01
3.781888837584124752e-01
3.750576560162925954e-01
3.745595590324743429e-01
3.751973160774036975e-01
3.756918718551364722e-01
3.766976332346883005e-01
3.813386173610294194e-01
3.854156558339022487e-01
3.799492549474982050e-01
3.656720929261033093e-01
3.521038753498992868e-01
3.427745571752924825e-01
3.362514428219559037e-01
3.315920246629234236e-01
3.325325597337285277e-01
3.338994639471503101e-01
3.304589201538982168e-01
3.204723359497324564e-01
3.144133929445465658e-01
3.150665108924783353e-01
3.132858724938906714e-01
3.034901460123460848e-01
2.952486747139140832e-01
2.892627751845920914e-01
2.817297335681330228e-01
2.809625611863207917e-01
2.868400547860747718e-01
2.924827331861909463e-01
2.963750667923683024e-01
2.984162636968372695e-01
2.979507957216859237e-01
2.966042782358951913e-01
3.000753491402101680e-01
3.005502054378881294e-01
2.957824446045568823e-01
3.062375916801836628e-01
3.278676872325592129e-01
3.383513900688105425e-01
3.346505596265746396e-01
3.242977341473004538e-01
3.171938952566613623e-01
3.181521901908496153e-01
3.216190837890627319e-01
3.176811388551381010e-01
3.124495778409115410e-01
3.178715209579506262e-01
3.267631564109251263e-01
3.305989519983461578e-01
3.311970323983892128e-01
3.277921961885376656e-01
3.189592162851379586e-01
3.083825679206375070e-01
3.004580254217709689e-01
2.958645117443609029e-01
2.928404593367290309e-01
2.919736629277221995e-01
3.014797020843428266e-01
3.229620681921309133e-01
3.334009969639573079e-01
3.236724585599038972e-01
3.122952473603374801e-01
3.138504750219383577e-01
3.246966314007305177e-01
3.315151096736297931e-01
3.389580938247932496e-01
3.568242336623133060e-01
3.715593460522240710e-01
3.694856831351867044e-01
3.649505107130598947e-01
3.667149568789310754e-01
3.760633842286585371e-01
3.829125563233204410e-01
3.815548206200559123e-01
3.836876281658125332e-01
3.943918984507354120e-01
3.964459980563914687e-01
3.842172011669539033e-01
3.695840530630322696e-01
3.594153270077813378e-01
3.560068911863670249e-01
3.641123520587918327e-01
3.728060296195007672e-01
3.712401106879583690e-01
3.658950760816369052e-01
3.696654829781507168e-01
3.881873069520092590e-01
4.120466406672159687e-01
4.244274255537938134e-01
4.187584967750891396e-01
4.042722997909438676e-01
3.952174401200092557e-01
3.988635994928004247e-01
4.157133428897319960e-01
4.355547426254423038e-01
4.430353175585829417e-01
4.333074237332218415e-01
4.164954584250229463e-01
4.067775602881109065e-01
4.101272042200541090e-01
4.277302074307671731e-01
4.494631570536676834e-01
4.633101322184040582e-01
4.641701134343194646e-01
4.532568391792093920e-01
4.452971885935422813e-01
4.455385476072403206e-01
4.510705291375023962e-01
4.490198318411073308e-01
4.295654252633686054e-01
4.030106071258469647e-01
3.881533219140536617e-01
3.933315349706938968e-01
4.024398210163298018e-01
4.067584603083895245e-01
3.998447959411031150e-01
3.824948769735260212e-01
3.716839254373000001e-01
3.673002336048402650e-01
3.688621756800536944e-01
3.785889548579767783e-01
3.853715571841640486e-01
3.854511480479563823e-01
3.811551287359283280e-01
3.800155006032663318e-01
3.838735759079422993e-01
3.870009808683304020e-01
3.929529206027737032e-01
3.993054706319473790e-01
3.985326947944994314e-01
3.867534901205363917e-01
3.765591397916911998e-01
3.748652696920456440e-01
3.844264062962396422e-01
3.965285790222720097e-01
3.994281698864983188e-01
3.909657440697815733e-01
3.760092433471287632e-01
3.579348028173492957e-01
3.400460711454867391e-01
3.284458218487336656e-01
3.214309968300029796e-01
3.133950653643286510e-01
3.053685675808066602e-01
3.080232616918261446e-01
3.276481253281492978e-01
3.464205063756851111e-01
3.559275889906301504e-01
3.552638669240019698e-01
3.473775568754891019e-01
3.316992648772710273e-01
3.164617558698706312e-01
3.079130004631882023e-01
3.069746953922147803e-01
3.155236590090603199e-01
3.274703297384349843e-01
3.305595038682526132e-01
3.310857092478566854e-01
3.355754946218230672e-01
3.473634360776084451e-01
3.615705863085402760e-01
3.757652001704775424e-01
3.826214360387682478e-01
3.792024060599075153e-01
3.712752719948323454e-01
3.663429144161766682e-01
3.646791410135103995e-01
3.644013957834826845e-01
3.681717741300658542e-01
3.787252037667810378e-01
3.875751189476099867e-01
3.829851841661015555e-01
3.703277080307351699e-01
3.617325555620179989e-01
3.572400068605678936e-01
3.554429050950122515e-01
3.508995309943074847e-01
3.412908894496847756e-01
3.341260211505913125e-01
3.311171198605628585e-01
3.300191466889608738e-01
3.343180582614456164e-01
3.457024220639812184e-01
3.552012312634579283e-01
3.592679619330423901e-01
