1.574258421470466074e-01
1.508918882957059615e-01
1.418320219649544800e-01
1.512258619287624450e-01
1.572365928146113589e-01
1.532993683354791359e-01
1.511048622225136528e-01
1.532170228670605427e-01
1.521419241174444825e-01
1.471494479927369092e-01
1.513861831850318307e-01
1.620008835400107428e-01
1.600412508363520947e-01
1.483670205552502230e-01
1.410685822353117402e-01
1.388214775282324842e-01
1.345822174487097678e-01
1.371961068346436718e-01
1.462689839080568155e-01
1.465373358749015031e-01
1.468403439233676999e-01
1.521785984445772899e-01
1.521598334197855895e-01
1.436701813393780891e-01
1.416095835021428107e-01
1.533340386710459191e-01
1.596667857563265069e-01
1.523538316971607409e-01
1.489280320360832077e-01
1.495886929739331517e-01
1.428055868359723868e-01
1.474870622561741951e-01
1.673368977596802198e-01
1.762885135772296330e-01
1.687563129594392419e-01
1.590688597421370531e-01
1.517825865819952269e-01
1.486166524774365227e-01
1.541077570537042751e-01
1.606058700450349042e-01
1.604327469540230422e-01
1.584937349193344391e-01
1.563913078741357432e-01
1.533092594805412767e-01
1.528849785102771308e-01
1.580188365568107600e-01
1.601330606777398025e-01
1.558417941125657957e-01
1.484824050520858474e-01
1.454617744336883511e-01
1.503423716373558372e-01
1.584972414826324727e-01
1.662437812010865434e-01
1.678470534709497752e-01
1.639150918612667929e-01
1.621937067267797405e-01
1.643997337604460873e-01
1.624126517551802151e-01
1.542873247576508899e-01
1.534650489767251935e-01
1.613060678830645356e-01
1.646694649326777282e-01
1.610668507870154920e-01
1.609628601833019423e-01
1.642538843295867634e-01
1.623601848275409432e-01
1.547957238891261578e-01
1.537859373710569466e-01
1.593633467401416870e-01
1.546693413504430792e-01
1.490002000312590225e-01
1.525808957695705681e-01
1.493222092584790550e-01
1.432789329659192312e-01
1.514248482819188779e-01
1.612305693993035249e-01
1.650540160529794798e-01
1.623045232529239101e-01
1.566227615421330599e-01
1.490505361601596190e-01
1.442039120263909624e-01
1.470310294048980948e-01
1.585984342930362445e-01
1.648840310006371990e-01
1.682391150259684443e-01
1.743914774638960496e-01
1.715148009060763756e-01
1.639970774589972202e-01
1.623148786879504424e-01
1.629447847740511934e-01
1.603133699781481014e-01
1.545622853514066197e-01
1.485152290136710351e-01
1.463052164503521324e-01
1.453092168240510129e-01
1.453807482991109623e-01
1.503071818738919152e-01
1.523461586880545116e-01
1.489626436924702257e-01
1.504439328668715770e-01
1.525431423055862434e-01
1.475644571979590758e-01
1.477759939966027669e-01
1.513240059694725137e-01
1.574912790272054719e-01
1.671039309605515388e-01
1.675190350360861169e-01
1.618071070427389568e-01
1.699678103787061467e-01
1.783884583318032790e-01
1.732711879544646949e-01
1.640086750854863051e-01
1.590173796472136580e-01
1.572850745954025020e-01
1.528784185689542330e-01
1.498912806344976090e-01
1.566036489426810008e-01
1.611604605252334732e-01
1.554243145628862732e-01
1.504388925734024551e-01
1.498407754513435275e-01
1.464465021028729941e-01
1.453980652668750706e-01
1.448293181945394525e-01
1.411189587291202530e-01
1.439021003044355096e-01
1.482643543177536993e-01
1.542599843647110558e-01
1.652327315270393226e-01
1.659158293096106296e-01
1.555188537251733782e-01
1.518040007526726687e-01
1.562984235414385248e-01
1.608000764804555782e-01
1.616535094693182795e-01
1.546558979665463018e-01
1.535489998317082772e-01
1.618428327006613543e-01
1.672744393480638248e-01
1.735247065292651603e-01
1.803163937212517720e-01
1.732328770607440838e-01
1.560633698166282723e-01
1.483577502471097598e-01
1.522624507482558398e-01
1.564877014016456680e-01
1.600796874153578853e-01
1.677511121387260662e-01
1.669755670146230442e-01
1.559692244193629784e-01
1.471260539367246489e-01
1.533420179244328330e-01
1.605428731193384029e-01
1.533336423995586006e-01
1.427433583856158039e-01
1.425994378015309760e-01
1.469782528388908216e-01
1.500148682289511870e-01
1.517872082385970378e-01
1.560951707784451747e-01
1.584428425371392779e-01
1.540374930109261464e-01
1.527633364193285992e-01
1.515269696677521982e-01
1.440267408964387152e-01
1.442766773053092144e-01
1.590610407029003914e-01
1.648101683760624658e-01
1.539350321333947669e-01
1.425306324954876969e-01
1.413696405633331488e-01
1.481702585773252701e-01
1.499873133299576555e-01
1.481628737554018249e-01
1.541903691086105033e-01
1.580484082539856672e-01
1.529049299190579081e-01
1.512652442938971498e-01
1.587619442919192547e-01
1.591604872944234195e-01
1.503305572764908893e-01
1.462238882644536775e-01
1.452875963098601841e-01
1.422480679162372030e-01
1.447277830637600793e-01
1.491151014644018502e-01
1.500948719541027598e-01
1.466813456780418357e-01
1.465288331116321174e-01
1.538702365996508781e-01
1.580454397715218562e-01
1.573865130601516948e-01
1.578140884522655496e-01
1.636386132812449878e-01
1.627859840454884688e-01
1.518389806154241961e-01
1.524302473211327780e-01
1.623042932375901304e-01
1.632160386633270954e-01
1.569200673493428566e-01
1.513822941973013148e-01
1.498605875704978607e-01
1.466276727907219191e-01
1.405475132439730490e-01
1.405132524948905226e-01
1.442776703020618445e-01
1.440322039187345304e-01
1.417635548335451912e-01
1.466206941312346579e-01
1.539179760140677311e-01
1.528627079984551385e-01
1.517102781464502170e-01
1.518413266774653048e-01
1.492743545716889719e-01
1.470402617460714323e-01
1.484611494577994517e-01
1.504419740524662319e-01
1.493596418800274550e-01
1.501482812363922059e-01
1.496136370226818502e-01
1.469454063774873198e-01
1.494566595051032287e-01
1.547646838279931047e-01
1.569805094914363541e-01
1.590153578836268067e-01
1.662910643465599636e-01
1.639127384377390417e-01
1.508908914570977478e-01
1.478142618713025602e-01
1.557690620464040887e-01
1.574239388734552381e-01
1.537715098254201773e-01
1.537815997846715965e-01
1.551587608515856420e-01
1.555617038530105467e-01
1.521692991080169921e-01
1.482214175728015226e-01
1.501082447627901661e-01
1.522904043714427280e-01
1.488481135402300592e-01
1.458452335061252714e-01
1.487694430071842266e-01
1.519235312367550328e-01
1.475919382320912410e-01
1.404857542284102534e-01
1.370240792242940209e-01
1.405733131094068500e-01
1.484083965129623095e-01
1.524360253107527596e-01
1.470248494430611286e-01
1.375795073947604363e-01
1.374971371097161166e-01
1.469186492416205414e-01
1.504647344462235470e-01
1.465361338816192904e-01
1.475674310621434282e-01
1.533650652917648016e-01
1.532923762917082211e-01
1.548894914374530085e-01
1.608925739715384717e-01
1.576167367435476196e-01
1.509339037293646324e-01
1.462574682356296563e-01
1.436912465511027415e-01
1.465738252293805888e-01
1.517001723833022175e-01
1.474177062332728827e-01
1.472072468367023046e-01
1.521363402217690286e-01
1.467211064171031754e-01
1.394869586689850560e-01
1.448102026471696224e-01
1.546275035806451426e-01
1.566205555848308173e-01
1.489630769722579129e-01
1.498743421651497487e-01
1.575590585002173694e-01
1.546521686177239063e-01
1.442967116545805784e-01
1.425274419165852291e-01
1.385918576255775192e-01
1.305823285054683036e-01
1.309937458438630853e-01
1.387277218963272329e-01
1.420511533385770409e-01
1.380907411770309068e-01
1.331881294269028071e-01
1.312909167482475825e-01
1.301611614918806170e-01
1.324522831677303336e-01
1.388446019247174812e-01
1.418758602146443226e-01
1.419464311831101500e-01
1.429153213890175245e-01
1.404381821587596113e-01
1.387061578166953468e-01
1.496720263112240878e-01
1.616306855692796196e-01
1.599941704041594748e-01
1.554353088300026164e-01
1.543751747774325112e-01
1.488855244718289006e-01
1.456290049815815446e-01
1.515075116106847364e-01
1.592914914590528308e-01
1.556834319167170466e-01
1.488142485379556068e-01
1.511189996785984313e-01
1.497043117938347545e-01
1.431682532983987177e-01
1.449417757859025324e-01
1.489454456219477807e-01
1.448197158846789567e-01
1.393792014583729033e-01
1.426369450619985879e-01
1.450652506702772571e-01
1.474711902189751733e-01
1.563756676824172576e-01
1.649004861899670271e-01
1.602001834277317072e-01
1.470527664198517381e-01
1.453027373263320876e-01
1.455323163642615047e-01
1.405385818072455995e-01
1.432145347484357345e-01
1.477975374046255896e-01
1.465705368593588076e-01
1.420899016391186376e-01
1.412407211240229443e-01
1.463150756464452196e-01
1.499972868872084808e-01
1.488728275493911291e-01
1.451502286416889720e-01
1.429150508179728996e-01
1.490002624761085914e-01
1.553400186933825977e-01
1.552922389995935182e-01
1.558336741045100171e-01
1.578149244371523652e-01
1.563651876871065272e-01
1.528988861281263822e-01
1.508059071502883819e-01
1.508915818285615495e-01
1.539888183829584700e-01
1.541467015537430763e-01
1.490332045279045836e-01
1.487877937490825198e-01
1.535745041397468813e-01
1.515152392020462924e-01
1.461497437209563766e-01
1.464288091151697002e-01
1.490107790341383964e-01
1.480047636284042289e-01
1.496466257822930412e-01
1.550024435070034845e-01
1.532997013930356978e-01
1.437906026159667394e-01
1.363910156471162816e-01
1.331673208200793712e-01
1.352742047401116754e-01
1.464675790415261580e-01
1.568645203330935600e-01
1.612595070526812724e-01
1.589000261459199426e-01
1.466621750464369434e-01
1.365145203254469752e-01
1.412295385570721817e-01
1.541092110339510601e-01
1.604409992049495026e-01
1.613749005316280904e-01
1.666462386544674545e-01
1.710266949426014760e-01
1.624072204725392488e-01
1.445904327557446800e-01
1.435383759863165798e-01
1.567236782955890584e-01
1.600796912315994025e-01
1.579401869267288705e-01
1.587693447914244327e-01
1.586711766975337778e-01
1.543405907799993981e-01
1.477272097047055699e-01
1.507868893062723759e-01
1.563557213658492151e-01
1.551706076039190141e-01
1.557629395766733094e-01
1.595352142569761156e-01
1.583400860526814058e-01
1.539048619361898518e-01
1.549630803910314325e-01
1.555037030279590726e-01
1.513917958962762156e-01
1.529466225997675455e-01
1.560192578010256848e-01
1.496511547011729337e-01
1.481940780754986975e-01
1.545994126948432579e-01
1.524811844514318004e-01
1.471357582294771926e-01
1.556315819154735769e-01
1.647884473775941272e-01
1.625895094021586051e-01
1.581142865012531984e-01
1.630224309502074087e-01
1.686304881237753461e-01
1.628488553235410974e-01
1.543309318018547815e-01
1.496114898722144537e-01
1.427606852701196749e-01
1.403585753711432960e-01
1.493153900935773326e-01
1.588752585159569908e-01
1.581178164869496972e-01
1.536339504621382634e-01
1.497397313462366930e-01
1.440746926681673590e-01
1.409440790227073914e-01
1.470683528569824983e-01
1.540236112086318110e-01
1.521482151501672431e-01
1.449653295340714576e-01
1.439917294744439136e-01
1.492987682413147721e-01
1.516564886012417290e-01
1.470133717796307249e-01
1.447162743205619995e-01
1.524167471295303777e-01
1.547496313282831770e-01
1.484783716141865328e-01
1.481888712113064999e-01
1.529966795069629404e-01
1.528016143090852041e-01
1.533125718411427474e-01
1.636460490365288789e-01
1.746820823101175590e-01
1.693350686399853477e-01
1.607044136186394911e-01
1.661813790824847870e-01
1.683977615310057740e-01
1.602669512471691926e-01
1.533092774354306298e-01
1.536903898533493185e-01
1.603359660197534453e-01
1.575029968340510567e-01
1.548070562679654261e-01
1.587009877273035663e-01
1.600332107412164306e-01
1.606698049231441716e-01
1.644943221008754175e-01
1.710194640822215728e-01
1.734415692762300010e-01
1.644679291219283412e-01
1.515319410138407097e-01
1.460295071720476845e-01
1.499302826339119765e-01
1.504126714253131991e-01
1.497361616324932310e-01
1.540298360544900547e-01
1.571975149639776859e-01
1.583811333009562117e-01
1.598201439426401860e-01
1.625066761936113657e-01
1.645120410797721588e-01
1.640647002884925709e-01
1.614056298366522424e-01
1.630208992431933512e-01
1.582294087533404892e-01
1.475738563908634560e-01
1.478593126327225615e-01
1.574008304001567327e-01
1.610870793060103223e-01
1.572737904305067658e-01
1.567775944411611277e-01
1.578034983458686813e-01
1.541007977549902763e-01
1.475539897772278064e-01
1.439086914091947389e-01
1.465646890371622990e-01
1.529180239703815947e-01
1.595526087164478857e-01
1.643757610066750863e-01
1.676025769711681213e-01
1.636947910380409099e-01
1.562864175182096804e-01
1.563699391299413488e-01
1.639032302602683455e-01
1.651838489173599323e-01
1.679296651193261936e-01
1.776310155872347640e-01
1.756009950598525771e-01
1.577322111976355024e-01
1.485375045245473646e-01
1.535678033464167591e-01
1.583658065851735186e-01
1.586318282566216709e-01
1.542387119208430413e-01
1.460552133515460316e-01
1.402465279075171267e-01
1.421218487477337034e-01
1.440649221958957282e-01
1.505155374803517354e-01
