1.387689241897007431e-01
1.507254992067061927e-01
1.382665206337278241e-01
1.442594811248885667e-01
1.585231529381022908e-01
1.435421322944177847e-01
1.272579976308029492e-01
1.358957809131162153e-01
1.550875748055070280e-01
1.414120383638227951e-01
1.470719366755424140e-01
1.401239613777366944e-01
1.499149975962210390e-01
1.461200081881003643e-01
1.462679273312459394e-01
1.454836830929383817e-01
1.530745705942790913e-01
1.437297647207107787e-01
1.511431215995472366e-01
1.499563396163725582e-01
1.620807571561277971e-01
1.453818248650914635e-01
1.480474074439630250e-01
1.551168149785049633e-01
1.328706711563490128e-01
1.484299142469831523e-01
1.390574611702741492e-01
1.506990991974560545e-01
1.489681377497103776e-01
1.422482372559973895e-01
